70.000000,70.000000,700.000000,3598.000000,0.000000,100.000000
38.000000,105.000000,20.000000,1030.000000,390.000000,90.000000
100.000000,5.000000,20.000000,3170.000000,2530.000000,90.000000
111.000000,78.000000,10.000000,2817.000000,2177.000000,90.000000
96.000000,62.000000,10.000000,1021.000000,381.000000,90.000000
122.000000,11.000000,30.000000,1916.000000,1276.000000,90.000000
94.000000,18.000000,30.000000,3541.000000,2901.000000,90.000000
60.000000,89.000000,10.000000,1241.000000,601.000000,90.000000
67.000000,123.000000,20.000000,2932.000000,2292.000000,90.000000
99.000000,53.000000,20.000000,2021.000000,1381.000000,90.000000
26.000000,24.000000,20.000000,3535.000000,2895.000000,90.000000
93.000000,61.000000,10.000000,928.000000,288.000000,90.000000
27.000000,32.000000,20.000000,2629.000000,1989.000000,90.000000
25.000000,31.000000,20.000000,2721.000000,2081.000000,90.000000
98.000000,36.000000,10.000000,774.000000,134.000000,90.000000
101.000000,68.000000,10.000000,2921.000000,2281.000000,90.000000
49.000000,48.000000,10.000000,2435.000000,1795.000000,90.000000
56.000000,95.000000,10.000000,1338.000000,698.000000,90.000000
14.000000,107.000000,20.000000,3003.000000,2363.000000,90.000000
98.000000,46.000000,20.000000,1924.000000,1284.000000,90.000000
131.000000,4.000000,40.000000,2201.000000,1561.000000,90.000000
94.000000,89.000000,20.000000,1043.000000,403.000000,90.000000
70.000000,113.000000,30.000000,2537.000000,1897.000000,90.000000
94.000000,59.000000,30.000000,836.000000,196.000000,90.000000
64.000000,59.000000,10.000000,1918.000000,1278.000000,90.000000
112.000000,3.000000,10.000000,2493.000000,1853.000000,90.000000
20.000000,108.000000,10.000000,3099.000000,2459.000000,90.000000
10.000000,118.000000,20.000000,2322.000000,1682.000000,90.000000
76.000000,65.000000,40.000000,3591.000000,2951.000000,90.000000
103.000000,12.000000,20.000000,3267.000000,2627.000000,90.000000
44.000000,62.000000,30.000000,2721.000000,2081.000000,90.000000
96.000000,138.000000,10.000000,1850.000000,1210.000000,90.000000
27.000000,44.000000,20.000000,2432.000000,1792.000000,90.000000
21.000000,28.000000,40.000000,2816.000000,2176.000000,90.000000
26.000000,91.000000,10.000000,778.000000,138.000000,90.000000
98.000000,75.000000,10.000000,3115.000000,2475.000000,90.000000
69.000000,48.000000,20.000000,752.000000,112.000000,90.000000
19.000000,116.000000,10.000000,1822.000000,1182.000000,90.000000
60.000000,111.000000,10.000000,3412.000000,2772.000000,90.000000
54.000000,102.000000,20.000000,3563.000000,2923.000000,90.000000
63.000000,103.000000,20.000000,3565.000000,2925.000000,90.000000
91.000000,91.000000,10.000000,3414.000000,2774.000000,90.000000
77.000000,15.000000,10.000000,3543.000000,2903.000000,90.000000
77.000000,117.000000,30.000000,2256.000000,1616.000000,90.000000
115.000000,41.000000,20.000000,1150.000000,510.000000,90.000000
12.000000,33.000000,10.000000,3007.000000,2367.000000,90.000000
44.000000,82.000000,20.000000,3036.000000,2396.000000,90.000000
117.000000,55.000000,20.000000,2504.000000,1864.000000,90.000000
116.000000,10.000000,20.000000,2682.000000,2042.000000,90.000000
57.000000,77.000000,20.000000,1718.000000,1078.000000,90.000000
29.000000,36.000000,20.000000,2334.000000,1694.000000,90.000000
90.000000,91.000000,10.000000,949.000000,309.000000,90.000000
62.000000,73.000000,20.000000,768.000000,128.000000,90.000000
6.000000,121.000000,20.000000,2227.000000,1587.000000,90.000000
105.000000,49.000000,10.000000,1514.000000,874.000000,90.000000
28.000000,115.000000,10.000000,1434.000000,794.000000,90.000000
4.000000,137.000000,30.000000,2120.000000,1480.000000,90.000000
11.000000,100.000000,20.000000,2905.000000,2265.000000,90.000000
67.000000,84.000000,30.000000,961.000000,321.000000,90.000000
23.000000,22.000000,20.000000,3481.000000,2841.000000,90.000000
41.000000,64.000000,20.000000,2815.000000,2175.000000,90.000000
56.000000,56.000000,40.000000,2335.000000,1695.000000,90.000000
80.000000,40.000000,20.000000,2126.000000,1486.000000,90.000000
60.000000,66.000000,30.000000,3588.000000,2948.000000,90.000000
16.000000,90.000000,20.000000,3541.000000,2901.000000,90.000000
104.000000,82.000000,30.000000,3214.000000,2574.000000,90.000000
64.000000,78.000000,10.000000,864.000000,224.000000,90.000000
47.000000,36.000000,20.000000,3557.000000,2917.000000,90.000000
46.000000,80.000000,20.000000,756.000000,116.000000,90.000000
86.000000,124.000000,20.000000,2057.000000,1417.000000,90.000000
48.000000,72.000000,20.000000,3230.000000,2590.000000,90.000000
121.000000,9.000000,10.000000,2099.000000,1459.000000,90.000000
60.000000,52.000000,20.000000,2239.000000,1599.000000,90.000000
25.000000,46.000000,20.000000,2525.000000,1885.000000,90.000000
26.000000,15.000000,20.000000,1839.000000,1199.000000,90.000000
98.000000,116.000000,30.000000,1342.000000,702.000000,90.000000
66.000000,131.000000,10.000000,3030.000000,2390.000000,90.000000
15.000000,30.000000,20.000000,2913.000000,2273.000000,90.000000
66.000000,117.000000,30.000000,2836.000000,2196.000000,90.000000
111.000000,70.000000,20.000000,1128.000000,488.000000,90.000000
123.000000,19.000000,20.000000,1627.000000,987.000000,90.000000
17.000000,18.000000,30.000000,1647.000000,1007.000000,90.000000
57.000000,87.000000,10.000000,1436.000000,796.000000,90.000000
102.000000,33.000000,30.000000,851.000000,211.000000,90.000000
7.000000,113.000000,10.000000,2417.000000,1777.000000,90.000000
37.000000,115.000000,20.000000,1335.000000,695.000000,90.000000
17.000000,25.000000,10.000000,3384.000000,2744.000000,90.000000
83.000000,105.000000,30.000000,1540.000000,900.000000,90.000000
51.000000,115.000000,10.000000,1231.000000,591.000000,90.000000
96.000000,55.000000,20.000000,2209.000000,1569.000000,90.000000
112.000000,2.000000,20.000000,2402.000000,1762.000000,90.000000
116.000000,23.000000,20.000000,1349.000000,709.000000,90.000000
57.000000,70.000000,10.000000,1815.000000,1175.000000,90.000000
15.000000,23.000000,30.000000,3291.000000,2651.000000,90.000000
45.000000,68.000000,30.000000,3417.000000,2777.000000,90.000000
19.000000,41.000000,10.000000,852.000000,212.000000,90.000000
38.000000,16.000000,10.000000,2222.000000,1582.000000,90.000000
81.000000,135.000000,20.000000,1955.000000,1315.000000,90.000000
62.000000,128.000000,20.000000,3125.000000,2485.000000,90.000000
49.000000,70.000000,20.000000,3322.000000,2682.000000,90.000000
24.000000,19.000000,10.000000,1744.000000,1104.000000,90.000000
119.000000,20.000000,10.000000,1443.000000,803.000000,90.000000
62.000000,125.000000,30.000000,3218.000000,2578.000000,90.000000
29.000000,10.000000,30.000000,2025.000000,1385.000000,90.000000
13.000000,80.000000,30.000000,3541.000000,2901.000000,90.000000
65.000000,73.000000,10.000000,735.000000,95.000000,90.000000
109.000000,25.000000,10.000000,1043.000000,403.000000,90.000000
91.000000,71.000000,10.000000,3577.000000,2937.000000,90.000000
47.000000,57.000000,30.000000,2625.000000,1985.000000,90.000000
9.000000,42.000000,20.000000,1149.000000,509.000000,90.000000
96.000000,23.000000,30.000000,3545.000000,2905.000000,90.000000
26.000000,102.000000,40.000000,928.000000,288.000000,90.000000
4.000000,15.000000,20.000000,1447.000000,807.000000,90.000000
3.000000,98.000000,10.000000,2807.000000,2167.000000,90.000000
35.000000,88.000000,20.000000,769.000000,129.000000,90.000000
18.000000,107.000000,10.000000,3283.000000,2643.000000,90.000000
95.000000,68.000000,20.000000,3017.000000,2377.000000,90.000000
58.000000,85.000000,10.000000,1528.000000,888.000000,90.000000
11.000000,23.000000,10.000000,3197.000000,2557.000000,90.000000
61.000000,107.000000,10.000000,3506.000000,2866.000000,90.000000
3.000000,17.000000,10.000000,1355.000000,715.000000,90.000000
26.000000,104.000000,10.000000,1627.000000,987.000000,90.000000
74.000000,56.000000,10.000000,2019.000000,1379.000000,90.000000
24.000000,105.000000,10.000000,1720.000000,1080.000000,90.000000
30.000000,106.000000,30.000000,1533.000000,893.000000,90.000000
4.000000,33.000000,20.000000,1249.000000,609.000000,90.000000
106.000000,0.000000,10.000000,2878.000000,2238.000000,90.000000
120.000000,10.000000,20.000000,2008.000000,1368.000000,90.000000
106.000000,5.000000,30.000000,2783.000000,2143.000000,90.000000
30.000000,58.000000,20.000000,771.000000,131.000000,90.000000
9.000000,9.000000,10.000000,1545.000000,905.000000,90.000000
7.000000,92.000000,20.000000,2710.000000,2070.000000,90.000000
50.000000,29.000000,10.000000,3553.000000,2913.000000,90.000000
46.000000,52.000000,10.000000,2530.000000,1890.000000,90.000000
70.000000,110.000000,30.000000,2630.000000,1990.000000,90.000000
37.000000,111.000000,20.000000,1126.000000,486.000000,90.000000
75.000000,64.000000,20.000000,3591.000000,2951.000000,90.000000
20.000000,93.000000,10.000000,3543.000000,2903.000000,90.000000
94.000000,1.000000,10.000000,3072.000000,2432.000000,90.000000
41.000000,12.000000,10.000000,2127.000000,1487.000000,90.000000
20.000000,109.000000,10.000000,3190.000000,2550.000000,90.000000
28.000000,14.000000,20.000000,1931.000000,1291.000000,90.000000
87.000000,63.000000,30.000000,3580.000000,2940.000000,90.000000
101.000000,4.000000,10.000000,2975.000000,2335.000000,90.000000
80.000000,22.000000,10.000000,3549.000000,2909.000000,90.000000
117.000000,10.000000,10.000000,2591.000000,1951.000000,90.000000
103.000000,33.000000,10.000000,1820.000000,1180.000000,90.000000
104.000000,51.000000,20.000000,1422.000000,782.000000,90.000000
103.000000,19.000000,30.000000,3364.000000,2724.000000,90.000000
7.000000,52.000000,20.000000,1048.000000,408.000000,90.000000
73.000000,119.000000,30.000000,2351.000000,1711.000000,90.000000
79.000000,128.000000,30.000000,2155.000000,1515.000000,90.000000
10.000000,50.000000,20.000000,955.000000,315.000000,90.000000
26.000000,23.000000,50.000000,3534.000000,2894.000000,90.000000
95.000000,103.000000,20.000000,1147.000000,507.000000,90.000000
101.000000,59.000000,30.000000,2305.000000,1665.000000,90.000000
113.000000,67.000000,20.000000,1222.000000,582.000000,90.000000
25.000000,94.000000,10.000000,830.000000,190.000000,90.000000
120.000000,20.000000,20.000000,1534.000000,894.000000,90.000000
105.000000,26.000000,30.000000,949.000000,309.000000,90.000000
59.000000,77.000000,20.000000,1626.000000,986.000000,90.000000
116.000000,34.000000,20.000000,1622.000000,982.000000,90.000000
45.000000,71.000000,10.000000,3137.000000,2497.000000,90.000000
86.000000,109.000000,10.000000,1445.000000,805.000000,90.000000
15.000000,96.000000,10.000000,3478.000000,2838.000000,90.000000
64.000000,88.000000,30.000000,1056.000000,416.000000,90.000000
60.000000,115.000000,20.000000,3318.000000,2678.000000,90.000000
63.000000,100.000000,10.000000,3568.000000,2928.000000,90.000000
94.000000,104.000000,30.000000,1239.000000,599.000000,90.000000
8.000000,102.000000,10.000000,2610.000000,1970.000000,90.000000
64.000000,89.000000,10.000000,1147.000000,507.000000,90.000000
61.000000,66.000000,10.000000,3589.000000,2949.000000,90.000000
95.000000,121.000000,10.000000,1650.000000,1010.000000,90.000000
47.000000,63.000000,30.000000,3512.000000,2872.000000,90.000000
19.000000,96.000000,10.000000,3384.000000,2744.000000,90.000000
103.000000,55.000000,20.000000,2400.000000,1760.000000,90.000000
36.000000,94.000000,30.000000,771.000000,131.000000,90.000000
75.000000,103.000000,20.000000,2729.000000,2089.000000,90.000000
65.000000,80.000000,10.000000,3587.000000,2947.000000,90.000000
94.000000,56.000000,30.000000,2117.000000,1477.000000,90.000000
18.000000,123.000000,20.000000,1919.000000,1279.000000,90.000000
92.000000,123.000000,10.000000,1744.000000,1104.000000,90.000000
12.000000,31.000000,20.000000,3099.000000,2459.000000,90.000000
106.000000,81.000000,20.000000,3306.000000,2666.000000,90.000000
98.000000,28.000000,10.000000,3465.000000,2825.000000,90.000000
14.000000,133.000000,30.000000,2020.000000,1380.000000,90.000000
101.000000,32.000000,20.000000,1727.000000,1087.000000,90.000000
25.000000,66.000000,10.000000,2921.000000,2281.000000,90.000000
78.000000,61.000000,40.000000,3586.000000,2946.000000,90.000000
123.000000,64.000000,20.000000,2604.000000,1964.000000,90.000000
126.000000,20.000000,20.000000,1721.000000,1081.000000,90.000000
72.000000,117.000000,10.000000,2443.000000,1803.000000,90.000000
10.000000,105.000000,20.000000,2516.000000,1876.000000,90.000000
128.000000,0.000000,10.000000,2296.000000,1656.000000,90.000000
130.000000,16.000000,30.000000,1816.000000,1176.000000,90.000000
114.000000,63.000000,10.000000,1316.000000,676.000000,90.000000
80.000000,63.000000,20.000000,3586.000000,2946.000000,90.000000
113.000000,36.000000,10.000000,1246.000000,606.000000,90.000000
15.000000,94.000000,30.000000,3538.000000,2898.000000,90.000000
129.000000,77.000000,10.000000,2709.000000,2069.000000,90.000000
85.000000,85.000000,20.000000,3513.000000,2873.000000,90.000000
