70.000000,70.000000,700.000000,3598.000000,0.000000,100.000000
38.000000,105.000000,20.000000,3598.000000,137.000000,90.000000
100.000000,5.000000,20.000000,2930.000000,2770.000000,90.000000
111.000000,78.000000,10.000000,3598.000000,131.000000,90.000000
96.000000,62.000000,10.000000,3598.000000,117.000000,90.000000
122.000000,11.000000,30.000000,3598.000000,168.000000,90.000000
94.000000,18.000000,30.000000,3598.000000,147.000000,90.000000
60.000000,89.000000,10.000000,1001.000000,841.000000,90.000000
67.000000,123.000000,20.000000,2692.000000,2532.000000,90.000000
99.000000,53.000000,20.000000,3598.000000,123.000000,90.000000
26.000000,24.000000,20.000000,3598.000000,153.000000,90.000000
93.000000,61.000000,10.000000,3598.000000,114.000000,90.000000
27.000000,32.000000,20.000000,2389.000000,2229.000000,90.000000
25.000000,31.000000,20.000000,2481.000000,2321.000000,90.000000
98.000000,36.000000,10.000000,3598.000000,134.000000,90.000000
101.000000,68.000000,10.000000,2681.000000,2521.000000,90.000000
49.000000,48.000000,10.000000,2195.000000,2035.000000,90.000000
56.000000,95.000000,10.000000,3598.000000,118.000000,90.000000
14.000000,107.000000,20.000000,2763.000000,2603.000000,90.000000
98.000000,46.000000,20.000000,3598.000000,126.000000,90.000000
131.000000,4.000000,40.000000,1961.000000,1801.000000,90.000000
94.000000,89.000000,20.000000,803.000000,643.000000,90.000000
70.000000,113.000000,30.000000,3598.000000,133.000000,90.000000
94.000000,59.000000,30.000000,596.000000,436.000000,90.000000
64.000000,59.000000,10.000000,1678.000000,1518.000000,90.000000
112.000000,3.000000,10.000000,3598.000000,169.000000,90.000000
20.000000,108.000000,10.000000,3598.000000,152.000000,90.000000
10.000000,118.000000,20.000000,2082.000000,1922.000000,90.000000
76.000000,65.000000,40.000000,3598.000000,97.000000,90.000000
103.000000,12.000000,20.000000,3598.000000,156.000000,90.000000
44.000000,62.000000,30.000000,3598.000000,117.000000,90.000000
96.000000,138.000000,10.000000,3598.000000,162.000000,90.000000
27.000000,44.000000,20.000000,2192.000000,2032.000000,90.000000
21.000000,28.000000,40.000000,2576.000000,2416.000000,90.000000
26.000000,91.000000,10.000000,3598.000000,138.000000,90.000000
98.000000,75.000000,10.000000,3598.000000,118.000000,90.000000
69.000000,48.000000,20.000000,478.000000,318.000000,90.000000
19.000000,116.000000,10.000000,1582.000000,1422.000000,90.000000
60.000000,111.000000,10.000000,3172.000000,3012.000000,90.000000
54.000000,102.000000,20.000000,3598.000000,125.000000,90.000000
63.000000,103.000000,20.000000,3598.000000,123.000000,90.000000
91.000000,91.000000,10.000000,3598.000000,119.000000,90.000000
77.000000,15.000000,10.000000,3531.000000,3371.000000,90.000000
77.000000,117.000000,30.000000,3598.000000,137.000000,90.000000
115.000000,41.000000,20.000000,910.000000,750.000000,90.000000
12.000000,33.000000,10.000000,2767.000000,2607.000000,90.000000
44.000000,82.000000,20.000000,3598.000000,118.000000,90.000000
117.000000,55.000000,20.000000,3598.000000,139.000000,90.000000
116.000000,10.000000,20.000000,2442.000000,2282.000000,90.000000
57.000000,77.000000,20.000000,3598.000000,104.000000,90.000000
29.000000,36.000000,20.000000,2094.000000,1934.000000,90.000000
90.000000,91.000000,10.000000,709.000000,549.000000,90.000000
62.000000,73.000000,20.000000,528.000000,368.000000,90.000000
6.000000,121.000000,20.000000,3598.000000,171.000000,90.000000
105.000000,49.000000,10.000000,1274.000000,1114.000000,90.000000
28.000000,115.000000,10.000000,3598.000000,151.000000,90.000000
4.000000,137.000000,30.000000,1880.000000,1720.000000,90.000000
11.000000,100.000000,20.000000,2665.000000,2505.000000,90.000000
67.000000,84.000000,30.000000,721.000000,561.000000,90.000000
23.000000,22.000000,20.000000,3241.000000,3081.000000,90.000000
41.000000,64.000000,20.000000,2575.000000,2415.000000,90.000000
56.000000,56.000000,40.000000,3598.000000,109.000000,90.000000
80.000000,40.000000,20.000000,3598.000000,121.000000,90.000000
60.000000,66.000000,30.000000,3375.000000,3215.000000,90.000000
16.000000,90.000000,20.000000,3598.000000,147.000000,90.000000
104.000000,82.000000,30.000000,3598.000000,126.000000,90.000000
64.000000,78.000000,10.000000,3598.000000,100.000000,90.000000
47.000000,36.000000,20.000000,3557.000000,3397.000000,90.000000
46.000000,80.000000,20.000000,276.000000,116.000000,90.000000
86.000000,124.000000,20.000000,1817.000000,1657.000000,90.000000
48.000000,72.000000,20.000000,3598.000000,112.000000,90.000000
121.000000,9.000000,10.000000,1859.000000,1699.000000,90.000000
60.000000,52.000000,20.000000,3598.000000,110.000000,90.000000
25.000000,46.000000,20.000000,2285.000000,2125.000000,90.000000
26.000000,15.000000,20.000000,3598.000000,160.000000,90.000000
98.000000,116.000000,30.000000,3598.000000,143.000000,90.000000
66.000000,131.000000,10.000000,3598.000000,151.000000,90.000000
15.000000,30.000000,20.000000,2673.000000,2513.000000,90.000000
66.000000,117.000000,30.000000,3598.000000,137.000000,90.000000
111.000000,70.000000,20.000000,888.000000,728.000000,90.000000
123.000000,19.000000,20.000000,1387.000000,1227.000000,90.000000
17.000000,18.000000,30.000000,1407.000000,1247.000000,90.000000
57.000000,87.000000,10.000000,1196.000000,1036.000000,90.000000
102.000000,33.000000,30.000000,611.000000,451.000000,90.000000
7.000000,113.000000,10.000000,2177.000000,2017.000000,90.000000
37.000000,115.000000,20.000000,3598.000000,145.000000,90.000000
17.000000,25.000000,10.000000,3144.000000,2984.000000,90.000000
83.000000,105.000000,30.000000,3598.000000,127.000000,90.000000
51.000000,115.000000,10.000000,991.000000,831.000000,90.000000
96.000000,55.000000,20.000000,3598.000000,120.000000,90.000000
112.000000,2.000000,20.000000,3598.000000,169.000000,90.000000
116.000000,23.000000,20.000000,3598.000000,155.000000,90.000000
57.000000,70.000000,10.000000,1575.000000,1415.000000,90.000000
15.000000,23.000000,30.000000,3051.000000,2891.000000,90.000000
45.000000,68.000000,30.000000,3598.000000,115.000000,90.000000
19.000000,41.000000,10.000000,612.000000,452.000000,90.000000
38.000000,16.000000,10.000000,1982.000000,1822.000000,90.000000
81.000000,135.000000,20.000000,3598.000000,155.000000,90.000000
62.000000,128.000000,20.000000,2885.000000,2725.000000,90.000000
49.000000,70.000000,20.000000,3598.000000,111.000000,90.000000
24.000000,19.000000,10.000000,3598.000000,158.000000,90.000000
119.000000,20.000000,10.000000,1203.000000,1043.000000,90.000000
62.000000,125.000000,30.000000,2978.000000,2818.000000,90.000000
29.000000,10.000000,30.000000,1785.000000,1625.000000,90.000000
13.000000,80.000000,30.000000,3598.000000,147.000000,90.000000
65.000000,73.000000,10.000000,435.000000,275.000000,90.000000
109.000000,25.000000,10.000000,3598.000000,149.000000,90.000000
91.000000,71.000000,10.000000,3598.000000,111.000000,90.000000
47.000000,57.000000,30.000000,3598.000000,116.000000,90.000000
9.000000,42.000000,20.000000,909.000000,749.000000,90.000000
96.000000,23.000000,30.000000,3421.000000,3261.000000,90.000000
26.000000,102.000000,40.000000,3598.000000,144.000000,90.000000
4.000000,15.000000,20.000000,1207.000000,1047.000000,90.000000
3.000000,98.000000,10.000000,2567.000000,2407.000000,90.000000
35.000000,88.000000,20.000000,300.000000,140.000000,90.000000
18.000000,107.000000,10.000000,3598.000000,153.000000,90.000000
95.000000,68.000000,20.000000,2777.000000,2617.000000,90.000000
58.000000,85.000000,10.000000,1288.000000,1128.000000,90.000000
11.000000,23.000000,10.000000,3598.000000,165.000000,90.000000
61.000000,107.000000,10.000000,3598.000000,128.000000,90.000000
3.000000,17.000000,10.000000,1115.000000,955.000000,90.000000
26.000000,104.000000,10.000000,3598.000000,145.000000,90.000000
74.000000,56.000000,10.000000,3598.000000,104.000000,90.000000
24.000000,105.000000,10.000000,1480.000000,1320.000000,90.000000
30.000000,106.000000,30.000000,1293.000000,1133.000000,90.000000
4.000000,33.000000,20.000000,1009.000000,849.000000,90.000000
106.000000,0.000000,10.000000,3598.000000,168.000000,90.000000
120.000000,10.000000,20.000000,3598.000000,168.000000,90.000000
106.000000,5.000000,30.000000,3598.000000,164.000000,90.000000
30.000000,58.000000,20.000000,502.000000,342.000000,90.000000
9.000000,9.000000,10.000000,1305.000000,1145.000000,90.000000
7.000000,92.000000,20.000000,2470.000000,2310.000000,90.000000
50.000000,29.000000,10.000000,3598.000000,135.000000,90.000000
46.000000,52.000000,10.000000,2290.000000,2130.000000,90.000000
70.000000,110.000000,30.000000,3598.000000,130.000000,90.000000
37.000000,111.000000,20.000000,3598.000000,142.000000,90.000000
75.000000,64.000000,20.000000,3591.000000,3431.000000,90.000000
20.000000,93.000000,10.000000,3598.000000,145.000000,90.000000
94.000000,1.000000,10.000000,3598.000000,163.000000,90.000000
41.000000,12.000000,10.000000,3598.000000,154.000000,90.000000
20.000000,109.000000,10.000000,2950.000000,2790.000000,90.000000
28.000000,14.000000,20.000000,1691.000000,1531.000000,90.000000
87.000000,63.000000,30.000000,3598.000000,108.000000,90.000000
101.000000,4.000000,10.000000,2735.000000,2575.000000,90.000000
80.000000,22.000000,10.000000,3598.000000,139.000000,90.000000
117.000000,10.000000,10.000000,3598.000000,166.000000,90.000000
103.000000,33.000000,10.000000,3598.000000,139.000000,90.000000
104.000000,51.000000,20.000000,1182.000000,1022.000000,90.000000
103.000000,19.000000,30.000000,3598.000000,150.000000,90.000000
7.000000,52.000000,20.000000,3598.000000,155.000000,90.000000
73.000000,119.000000,30.000000,2111.000000,1951.000000,90.000000
79.000000,128.000000,30.000000,3598.000000,148.000000,90.000000
10.000000,50.000000,20.000000,3598.000000,153.000000,90.000000
26.000000,23.000000,50.000000,3598.000000,154.000000,90.000000
95.000000,103.000000,20.000000,907.000000,747.000000,90.000000
101.000000,59.000000,30.000000,2065.000000,1905.000000,90.000000
113.000000,67.000000,20.000000,982.000000,822.000000,90.000000
25.000000,94.000000,10.000000,3598.000000,141.000000,90.000000
120.000000,20.000000,20.000000,1294.000000,1134.000000,90.000000
105.000000,26.000000,30.000000,709.000000,549.000000,90.000000
59.000000,77.000000,20.000000,3598.000000,103.000000,90.000000
116.000000,34.000000,20.000000,1382.000000,1222.000000,90.000000
45.000000,71.000000,10.000000,2897.000000,2737.000000,90.000000
86.000000,109.000000,10.000000,1205.000000,1045.000000,90.000000
15.000000,96.000000,10.000000,3238.000000,3078.000000,90.000000
64.000000,88.000000,30.000000,816.000000,656.000000,90.000000
60.000000,115.000000,20.000000,3598.000000,136.000000,90.000000
63.000000,100.000000,10.000000,3598.000000,120.000000,90.000000
94.000000,104.000000,30.000000,3598.000000,131.000000,90.000000
8.000000,102.000000,10.000000,2370.000000,2210.000000,90.000000
64.000000,89.000000,10.000000,907.000000,747.000000,90.000000
61.000000,66.000000,10.000000,3466.000000,3306.000000,90.000000
95.000000,121.000000,10.000000,3598.000000,146.000000,90.000000
47.000000,63.000000,30.000000,3598.000000,114.000000,90.000000
19.000000,96.000000,10.000000,3598.000000,147.000000,90.000000
103.000000,55.000000,20.000000,3598.000000,126.000000,90.000000
36.000000,94.000000,30.000000,396.000000,236.000000,90.000000
75.000000,103.000000,20.000000,3598.000000,123.000000,90.000000
65.000000,80.000000,10.000000,3587.000000,3427.000000,90.000000
94.000000,56.000000,30.000000,3598.000000,117.000000,90.000000
18.000000,123.000000,20.000000,3598.000000,164.000000,90.000000
92.000000,123.000000,10.000000,1504.000000,1344.000000,90.000000
12.000000,31.000000,20.000000,2859.000000,2699.000000,90.000000
106.000000,81.000000,20.000000,3598.000000,127.000000,90.000000
98.000000,28.000000,10.000000,3598.000000,140.000000,90.000000
14.000000,133.000000,30.000000,1780.000000,1620.000000,90.000000
101.000000,32.000000,20.000000,3598.000000,139.000000,90.000000
25.000000,66.000000,10.000000,3598.000000,135.000000,90.000000
78.000000,61.000000,40.000000,3598.000000,102.000000,90.000000
123.000000,64.000000,20.000000,2364.000000,2204.000000,90.000000
126.000000,20.000000,20.000000,3598.000000,165.000000,90.000000
72.000000,117.000000,10.000000,3598.000000,137.000000,90.000000
10.000000,105.000000,20.000000,3598.000000,159.000000,90.000000
128.000000,0.000000,10.000000,2056.000000,1896.000000,90.000000
130.000000,16.000000,30.000000,1576.000000,1416.000000,90.000000
114.000000,63.000000,10.000000,3598.000000,134.000000,90.000000
80.000000,63.000000,20.000000,3576.000000,3416.000000,90.000000
113.000000,36.000000,10.000000,3598.000000,144.000000,90.000000
15.000000,94.000000,30.000000,3330.000000,3170.000000,90.000000
129.000000,77.000000,10.000000,2469.000000,2309.000000,90.000000
85.000000,85.000000,20.000000,3598.000000,111.000000,90.000000
