70.000000,70.000000,1000.000000,2535.000000,0.000000,100.000000
101.000000,0.000000,9.000000,562.000000,405.000000,10.000000
26.000000,50.000000,7.000000,983.000000,868.000000,10.000000
30.000000,57.000000,20.000000,1623.000000,1485.000000,10.000000
29.000000,60.000000,14.000000,2397.000000,2336.000000,10.000000
69.000000,116.000000,26.000000,1154.000000,1042.000000,10.000000
137.000000,137.000000,27.000000,2157.000000,1996.000000,10.000000
103.000000,119.000000,18.000000,1206.000000,1072.000000,10.000000
78.000000,111.000000,22.000000,2423.000000,2313.000000,10.000000
107.000000,25.000000,13.000000,1402.000000,1359.000000,10.000000
17.000000,138.000000,8.000000,816.000000,674.000000,10.000000
37.000000,138.000000,5.000000,2535.000000,85.000000,10.000000
20.000000,69.000000,13.000000,1063.000000,862.000000,10.000000
121.000000,123.000000,9.000000,1526.000000,1368.000000,10.000000
22.000000,104.000000,11.000000,1583.000000,1517.000000,10.000000
137.000000,7.000000,40.000000,1904.000000,1800.000000,10.000000
50.000000,106.000000,25.000000,1281.000000,1106.000000,10.000000
46.000000,112.000000,10.000000,1402.000000,1261.000000,10.000000
79.000000,72.000000,22.000000,2535.000000,19.000000,10.000000
104.000000,32.000000,18.000000,2007.000000,1865.000000,10.000000
8.000000,87.000000,17.000000,920.000000,821.000000,10.000000
109.000000,139.000000,8.000000,2066.000000,1980.000000,10.000000
80.000000,103.000000,15.000000,1051.000000,922.000000,10.000000
78.000000,63.000000,19.000000,2525.000000,2407.000000,10.000000
95.000000,135.000000,27.000000,913.000000,832.000000,10.000000
37.000000,79.000000,5.000000,2535.000000,44.000000,10.000000
64.000000,132.000000,8.000000,2367.000000,2124.000000,10.000000
133.000000,130.000000,13.000000,2535.000000,97.000000,10.000000
39.000000,13.000000,20.000000,1045.000000,898.000000,10.000000
120.000000,14.000000,20.000000,1505.000000,1376.000000,10.000000
10.000000,86.000000,14.000000,2535.000000,72.000000,10.000000
140.000000,42.000000,13.000000,2123.000000,2023.000000,10.000000
121.000000,124.000000,21.000000,1960.000000,1791.000000,10.000000
42.000000,29.000000,12.000000,2297.000000,2173.000000,10.000000
44.000000,58.000000,30.000000,2488.000000,2353.000000,10.000000
32.000000,6.000000,11.000000,2134.000000,2056.000000,10.000000
41.000000,36.000000,13.000000,2332.000000,2207.000000,10.000000
106.000000,10.000000,13.000000,1306.000000,1253.000000,10.000000
107.000000,102.000000,12.000000,2535.000000,58.000000,10.000000
83.000000,38.000000,22.000000,650.000000,489.000000,10.000000
132.000000,133.000000,24.000000,1964.000000,1868.000000,10.000000
81.000000,57.000000,8.000000,2502.000000,2431.000000,10.000000
120.000000,52.000000,20.000000,1018.000000,937.000000,10.000000
113.000000,32.000000,36.000000,1946.000000,1852.000000,10.000000
137.000000,101.000000,12.000000,1815.000000,1780.000000,10.000000
82.000000,103.000000,15.000000,2535.000000,45.000000,10.000000
10.000000,111.000000,21.000000,560.000000,447.000000,10.000000
90.000000,44.000000,6.000000,2295.000000,2237.000000,10.000000
139.000000,73.000000,10.000000,2196.000000,2058.000000,10.000000
89.000000,24.000000,15.000000,1309.000000,1233.000000,10.000000
64.000000,138.000000,15.000000,2535.000000,78.000000,10.000000
98.000000,4.000000,20.000000,2535.000000,81.000000,10.000000
61.000000,34.000000,7.000000,625.000000,544.000000,10.000000
60.000000,84.000000,23.000000,621.000000,476.000000,10.000000
13.000000,48.000000,15.000000,844.000000,742.000000,10.000000
84.000000,88.000000,16.000000,1107.000000,994.000000,10.000000
86.000000,40.000000,22.000000,2535.000000,44.000000,10.000000
69.000000,115.000000,20.000000,2535.000000,55.000000,10.000000
59.000000,115.000000,26.000000,1296.000000,1143.000000,10.000000
105.000000,2.000000,1.000000,2535.000000,86.000000,10.000000
107.000000,77.000000,34.000000,2535.000000,47.000000,10.000000
104.000000,54.000000,13.000000,2327.000000,2202.000000,10.000000
54.000000,33.000000,20.000000,2417.000000,2331.000000,10.000000
32.000000,52.000000,32.000000,1978.000000,1764.000000,10.000000
37.000000,125.000000,10.000000,2535.000000,74.000000,10.000000
99.000000,34.000000,9.000000,2240.000000,2103.000000,10.000000
38.000000,122.000000,13.000000,1594.000000,1483.000000,10.000000
85.000000,75.000000,37.000000,2535.000000,25.000000,10.000000
109.000000,131.000000,16.000000,1636.000000,1504.000000,10.000000
103.000000,77.000000,17.000000,1332.000000,1293.000000,10.000000
47.000000,83.000000,1.000000,1255.000000,1154.000000,10.000000
139.000000,68.000000,25.000000,2260.000000,2063.000000,10.000000
88.000000,29.000000,33.000000,2535.000000,54.000000,10.000000
39.000000,100.000000,31.000000,2535.000000,53.000000,10.000000
48.000000,47.000000,19.000000,2441.000000,2374.000000,10.000000
104.000000,73.000000,17.000000,2535.000000,44.000000,10.000000
9.000000,19.000000,10.000000,1063.000000,904.000000,10.000000
103.000000,44.000000,12.000000,2428.000000,2306.000000,10.000000
73.000000,96.000000,9.000000,1879.000000,1742.000000,10.000000
44.000000,116.000000,27.000000,2535.000000,62.000000,10.000000
71.000000,70.000000,9.000000,619.000000,488.000000,10.000000
83.000000,12.000000,29.000000,1624.000000,1485.000000,10.000000
36.000000,54.000000,15.000000,1053.000000,921.000000,10.000000
16.000000,92.000000,10.000000,2535.000000,68.000000,10.000000
56.000000,139.000000,18.000000,1251.000000,1221.000000,10.000000
27.000000,104.000000,1.000000,521.000000,411.000000,10.000000
67.000000,96.000000,26.000000,560.000000,454.000000,10.000000
34.000000,72.000000,21.000000,2535.000000,46.000000,10.000000
120.000000,22.000000,39.000000,2095.000000,1944.000000,10.000000
54.000000,106.000000,9.000000,1331.000000,1265.000000,10.000000
63.000000,129.000000,7.000000,1718.000000,1581.000000,10.000000
33.000000,117.000000,20.000000,2170.000000,2028.000000,10.000000
102.000000,52.000000,15.000000,2535.000000,46.000000,10.000000
13.000000,129.000000,25.000000,1121.000000,1018.000000,10.000000
34.000000,20.000000,15.000000,1899.000000,1846.000000,10.000000
114.000000,109.000000,16.000000,2209.000000,2123.000000,10.000000
86.000000,80.000000,21.000000,1071.000000,883.000000,10.000000
33.000000,0.000000,20.000000,615.000000,475.000000,10.000000
18.000000,104.000000,18.000000,1185.000000,1072.000000,10.000000
70.000000,83.000000,23.000000,2535.000000,23.000000,10.000000
12.000000,48.000000,4.000000,2301.000000,2184.000000,10.000000
139.000000,72.000000,23.000000,1186.000000,1069.000000,10.000000
109.000000,78.000000,21.000000,1612.000000,1437.000000,10.000000
116.000000,22.000000,32.000000,1977.000000,1872.000000,10.000000
27.000000,46.000000,35.000000,2535.000000,59.000000,10.000000
19.000000,120.000000,16.000000,2535.000000,81.000000,10.000000
23.000000,39.000000,20.000000,1116.000000,1021.000000,10.000000
110.000000,99.000000,21.000000,1308.000000,1220.000000,10.000000
15.000000,18.000000,10.000000,954.000000,796.000000,10.000000
18.000000,70.000000,26.000000,1004.000000,818.000000,10.000000
16.000000,62.000000,15.000000,946.000000,835.000000,10.000000
61.000000,57.000000,35.000000,1049.000000,902.000000,10.000000
123.000000,84.000000,13.000000,883.000000,735.000000,10.000000
37.000000,73.000000,33.000000,2535.000000,43.000000,10.000000
115.000000,124.000000,11.000000,2535.000000,80.000000,10.000000
93.000000,61.000000,10.000000,2535.000000,34.000000,10.000000
89.000000,39.000000,23.000000,2434.000000,2345.000000,10.000000
65.000000,0.000000,20.000000,2253.000000,2103.000000,10.000000
108.000000,30.000000,18.000000,2154.000000,2031.000000,10.000000
120.000000,60.000000,18.000000,2319.000000,2198.000000,10.000000
92.000000,22.000000,18.000000,1777.000000,1653.000000,10.000000
2.000000,106.000000,16.000000,994.000000,862.000000,10.000000
117.000000,92.000000,25.000000,1391.000000,1295.000000,10.000000
26.000000,130.000000,20.000000,1446.000000,1363.000000,10.000000
85.000000,111.000000,25.000000,1500.000000,1426.000000,10.000000
113.000000,45.000000,4.000000,2535.000000,59.000000,10.000000
40.000000,113.000000,23.000000,2535.000000,62.000000,10.000000
138.000000,105.000000,24.000000,946.000000,776.000000,10.000000
116.000000,105.000000,23.000000,2535.000000,67.000000,10.000000
110.000000,28.000000,20.000000,2535.000000,68.000000,10.000000
12.000000,138.000000,14.000000,1439.000000,1314.000000,10.000000
66.000000,40.000000,20.000000,2495.000000,2333.000000,10.000000
140.000000,36.000000,1.000000,2535.000000,87.000000,10.000000
50.000000,112.000000,18.000000,1606.000000,1490.000000,10.000000
23.000000,19.000000,16.000000,1866.000000,1711.000000,10.000000
4.000000,71.000000,19.000000,1895.000000,1772.000000,10.000000
92.000000,138.000000,12.000000,2535.000000,81.000000,10.000000
69.000000,6.000000,8.000000,2207.000000,2079.000000,10.000000
100.000000,99.000000,17.000000,1319.000000,1240.000000,10.000000
116.000000,13.000000,5.000000,2293.000000,2192.000000,10.000000
112.000000,13.000000,27.000000,2535.000000,80.000000,10.000000
49.000000,140.000000,3.000000,1591.000000,1487.000000,10.000000
36.000000,124.000000,34.000000,1600.000000,1480.000000,10.000000
120.000000,47.000000,18.000000,2406.000000,2223.000000,10.000000
60.000000,54.000000,3.000000,2535.000000,28.000000,10.000000
115.000000,82.000000,30.000000,1471.000000,1340.000000,10.000000
139.000000,110.000000,19.000000,1770.000000,1648.000000,10.000000
126.000000,23.000000,13.000000,2535.000000,83.000000,10.000000
58.000000,80.000000,18.000000,715.000000,559.000000,10.000000
30.000000,21.000000,12.000000,2535.000000,73.000000,10.000000
64.000000,115.000000,15.000000,2021.000000,1848.000000,10.000000
82.000000,100.000000,18.000000,2124.000000,1992.000000,10.000000
113.000000,35.000000,9.000000,2369.000000,2178.000000,10.000000
35.000000,90.000000,20.000000,745.000000,639.000000,10.000000
58.000000,95.000000,35.000000,2535.000000,37.000000,10.000000
117.000000,4.000000,9.000000,877.000000,725.000000,10.000000
97.000000,115.000000,25.000000,1057.000000,946.000000,10.000000
56.000000,129.000000,21.000000,2535.000000,70.000000,10.000000
54.000000,41.000000,9.000000,1411.000000,1289.000000,10.000000
136.000000,123.000000,31.000000,1263.000000,1139.000000,10.000000
129.000000,24.000000,18.000000,1194.000000,1077.000000,10.000000
46.000000,133.000000,7.000000,2214.000000,2132.000000,10.000000
58.000000,11.000000,9.000000,2002.000000,1931.000000,10.000000
54.000000,78.000000,11.000000,331.000000,220.000000,10.000000
65.000000,80.000000,20.000000,2524.000000,2434.000000,10.000000
28.000000,62.000000,23.000000,1720.000000,1662.000000,10.000000
55.000000,127.000000,17.000000,2535.000000,68.000000,10.000000
137.000000,84.000000,41.000000,2097.000000,2018.000000,10.000000
79.000000,80.000000,4.000000,2535.000000,23.000000,10.000000
51.000000,92.000000,9.000000,738.000000,630.000000,10.000000
12.000000,84.000000,16.000000,1758.000000,1602.000000,10.000000
66.000000,82.000000,27.000000,2535.000000,22.000000,10.000000
97.000000,12.000000,10.000000,1674.000000,1627.000000,10.000000
67.000000,120.000000,5.000000,1119.000000,961.000000,10.000000
55.000000,102.000000,4.000000,1241.000000,1192.000000,10.000000
90.000000,14.000000,31.000000,669.000000,570.000000,10.000000
20.000000,106.000000,24.000000,1440.000000,1309.000000,10.000000
15.000000,4.000000,23.000000,2129.000000,2015.000000,10.000000
138.000000,78.000000,43.000000,1748.000000,1584.000000,10.000000
60.000000,23.000000,16.000000,2311.000000,2210.000000,10.000000
29.000000,94.000000,1.000000,2535.000000,57.000000,10.000000
70.000000,94.000000,32.000000,2535.000000,34.000000,10.000000
4.000000,44.000000,24.000000,870.000000,755.000000,10.000000
66.000000,91.000000,16.000000,2535.000000,31.000000,10.000000
119.000000,73.000000,15.000000,2059.000000,1954.000000,10.000000
135.000000,65.000000,3.000000,1222.000000,1018.000000,10.000000
103.000000,82.000000,27.000000,2535.000000,45.000000,10.000000
104.000000,139.000000,29.000000,1197.000000,1069.000000,10.000000
15.000000,9.000000,2.000000,872.000000,797.000000,10.000000
5.000000,99.000000,24.000000,2535.000000,81.000000,10.000000
36.000000,38.000000,5.000000,2535.000000,56.000000,10.000000
125.000000,68.000000,20.000000,1742.000000,1672.000000,10.000000
44.000000,36.000000,9.000000,2324.000000,2245.000000,10.000000
137.000000,127.000000,28.000000,2535.000000,97.000000,10.000000
120.000000,102.000000,18.000000,2128.000000,2049.000000,10.000000
138.000000,24.000000,12.000000,1830.000000,1684.000000,10.000000
103.000000,86.000000,19.000000,1488.000000,1400.000000,10.000000
137.000000,96.000000,9.000000,2341.000000,2154.000000,10.000000
8.000000,138.000000,10.000000,1397.000000,1223.000000,10.000000
81.000000,36.000000,17.000000,2298.000000,2153.000000,10.000000
116.000000,83.000000,30.000000,1803.000000,1712.000000,10.000000
