70.000000,70.000000,1000.000000,2535.000000,0.000000,100.000000
10.000000,86.000000,14.000000,1073.000000,593.000000,10.000000
16.000000,62.000000,15.000000,1131.000000,651.000000,10.000000
84.000000,36.000000,10.000000,2308.000000,1828.000000,10.000000
79.000000,72.000000,22.000000,2526.000000,2046.000000,10.000000
16.000000,39.000000,20.000000,2391.000000,1911.000000,10.000000
61.000000,54.000000,10.000000,2517.000000,2037.000000,10.000000
96.000000,26.000000,10.000000,2484.000000,2004.000000,10.000000
16.000000,92.000000,10.000000,1280.000000,800.000000,10.000000
85.000000,106.000000,20.000000,2496.000000,2016.000000,10.000000
6.000000,25.000000,10.000000,2194.000000,1714.000000,10.000000
37.000000,125.000000,10.000000,1341.000000,861.000000,10.000000
87.000000,108.000000,20.000000,2484.000000,2004.000000,10.000000
18.000000,104.000000,18.000000,1368.000000,888.000000,10.000000
61.000000,48.000000,20.000000,2445.000000,1965.000000,10.000000
97.000000,29.000000,30.000000,2486.000000,2006.000000,10.000000
112.000000,67.000000,10.000000,2385.000000,1905.000000,10.000000
50.000000,106.000000,25.000000,1434.000000,954.000000,10.000000
99.000000,28.000000,30.000000,2386.000000,1906.000000,10.000000
15.000000,9.000000,2.000000,1074.000000,594.000000,10.000000
19.000000,37.000000,20.000000,2210.000000,1730.000000,10.000000
90.000000,101.000000,10.000000,2094.000000,1614.000000,10.000000
125.000000,68.000000,20.000000,1947.000000,1467.000000,10.000000
127.000000,108.000000,10.000000,2176.000000,1696.000000,10.000000
90.000000,44.000000,6.000000,2503.000000,2023.000000,10.000000
4.000000,23.000000,10.000000,2245.000000,1765.000000,10.000000
17.000000,37.000000,30.000000,2302.000000,1822.000000,10.000000
113.000000,32.000000,36.000000,2139.000000,1659.000000,10.000000
63.000000,57.000000,10.000000,2521.000000,2041.000000,10.000000
94.000000,104.000000,10.000000,2202.000000,1722.000000,10.000000
58.000000,95.000000,35.000000,775.000000,295.000000,10.000000
137.000000,96.000000,9.000000,2464.000000,1984.000000,10.000000
127.000000,112.000000,20.000000,2232.000000,1752.000000,10.000000
103.000000,119.000000,18.000000,1379.000000,899.000000,10.000000
20.000000,69.000000,13.000000,1203.000000,723.000000,10.000000
2.000000,28.000000,10.000000,2399.000000,1919.000000,10.000000
88.000000,29.000000,33.000000,534.000000,54.000000,10.000000
86.000000,102.000000,10.000000,2500.000000,2020.000000,10.000000
126.000000,112.000000,10.000000,2276.000000,1796.000000,10.000000
61.000000,34.000000,7.000000,825.000000,345.000000,10.000000
113.000000,69.000000,20.000000,2434.000000,1954.000000,10.000000
109.000000,78.000000,21.000000,1764.000000,1284.000000,10.000000
21.000000,48.000000,10.000000,2482.000000,2002.000000,10.000000
86.000000,36.000000,20.000000,2401.000000,1921.000000,10.000000
97.000000,12.000000,10.000000,1890.000000,1410.000000,10.000000
121.000000,112.000000,20.000000,2419.000000,1939.000000,10.000000
19.000000,39.000000,10.000000,2162.000000,1682.000000,10.000000
66.000000,40.000000,20.000000,2505.000000,2025.000000,10.000000
87.000000,39.000000,20.000000,2500.000000,2020.000000,10.000000
63.000000,50.000000,10.000000,2496.000000,2016.000000,10.000000
121.000000,123.000000,9.000000,1687.000000,1207.000000,10.000000
116.000000,22.000000,32.000000,2164.000000,1684.000000,10.000000
137.000000,101.000000,12.000000,2038.000000,1558.000000,10.000000
137.000000,137.000000,27.000000,2316.000000,1836.000000,10.000000
70.000000,94.000000,32.000000,2511.000000,2031.000000,10.000000
117.000000,92.000000,25.000000,1583.000000,1103.000000,10.000000
122.000000,113.000000,20.000000,2374.000000,1894.000000,10.000000
109.000000,71.000000,20.000000,2496.000000,2016.000000,10.000000
35.000000,102.000000,10.000000,2026.000000,1546.000000,10.000000
91.000000,108.000000,10.000000,2428.000000,1948.000000,10.000000
8.000000,87.000000,17.000000,1110.000000,630.000000,10.000000
140.000000,42.000000,13.000000,2313.000000,1833.000000,10.000000
16.000000,38.000000,20.000000,2347.000000,1867.000000,10.000000
44.000000,36.000000,9.000000,2493.000000,2013.000000,10.000000
60.000000,84.000000,23.000000,789.000000,309.000000,10.000000
109.000000,139.000000,8.000000,2263.000000,1783.000000,10.000000
80.000000,103.000000,15.000000,1227.000000,747.000000,10.000000
66.000000,82.000000,27.000000,711.000000,231.000000,10.000000
99.000000,26.000000,40.000000,2434.000000,1954.000000,10.000000
34.000000,108.000000,10.000000,2230.000000,1750.000000,10.000000
135.000000,65.000000,3.000000,1360.000000,880.000000,10.000000
36.000000,124.000000,34.000000,1780.000000,1300.000000,10.000000
102.000000,60.000000,30.000000,2175.000000,1695.000000,10.000000
30.000000,21.000000,12.000000,1425.000000,945.000000,10.000000
139.000000,110.000000,19.000000,1949.000000,1469.000000,10.000000
10.000000,111.000000,21.000000,744.000000,264.000000,10.000000
18.000000,70.000000,26.000000,1151.000000,671.000000,10.000000
4.000000,28.000000,10.000000,2139.000000,1659.000000,10.000000
57.000000,53.000000,10.000000,2338.000000,1858.000000,10.000000
54.000000,41.000000,9.000000,1590.000000,1110.000000,10.000000
107.000000,25.000000,13.000000,1620.000000,1140.000000,10.000000
110.000000,99.000000,21.000000,1504.000000,1024.000000,10.000000
84.000000,88.000000,16.000000,1290.000000,810.000000,10.000000
101.000000,0.000000,9.000000,723.000000,243.000000,10.000000
28.000000,99.000000,10.000000,2484.000000,2004.000000,10.000000
119.000000,114.000000,20.000000,2470.000000,1990.000000,10.000000
118.000000,108.000000,10.000000,2016.000000,1536.000000,10.000000
50.000000,112.000000,18.000000,1788.000000,1308.000000,10.000000
44.000000,116.000000,27.000000,2483.000000,2003.000000,10.000000
82.000000,100.000000,18.000000,2298.000000,1818.000000,10.000000
83.000000,12.000000,29.000000,1794.000000,1314.000000,10.000000
126.000000,23.000000,13.000000,1661.000000,1181.000000,10.000000
85.000000,75.000000,37.000000,2520.000000,2040.000000,10.000000
39.000000,13.000000,20.000000,1212.000000,732.000000,10.000000
120.000000,136.000000,10.000000,2257.000000,1777.000000,10.000000
105.000000,2.000000,1.000000,1820.000000,1340.000000,10.000000
36.000000,54.000000,15.000000,1227.000000,747.000000,10.000000
35.000000,90.000000,20.000000,932.000000,452.000000,10.000000
111.000000,66.000000,20.000000,2339.000000,1859.000000,10.000000
119.000000,136.000000,30.000000,2301.000000,1821.000000,10.000000
84.000000,99.000000,20.000000,2503.000000,2023.000000,10.000000
137.000000,127.000000,28.000000,1933.000000,1453.000000,10.000000
95.000000,35.000000,10.000000,2492.000000,2012.000000,10.000000
69.000000,6.000000,8.000000,2383.000000,1903.000000,10.000000
1.000000,24.000000,10.000000,2298.000000,1818.000000,10.000000
31.000000,112.000000,20.000000,2290.000000,1810.000000,10.000000
138.000000,78.000000,43.000000,1906.000000,1426.000000,10.000000
100.000000,99.000000,17.000000,1519.000000,1039.000000,10.000000
123.000000,112.000000,20.000000,2328.000000,1848.000000,10.000000
119.000000,130.000000,20.000000,2103.000000,1623.000000,10.000000
92.000000,22.000000,18.000000,1955.000000,1475.000000,10.000000
137.000000,7.000000,40.000000,2092.000000,1612.000000,10.000000
121.000000,124.000000,21.000000,2116.000000,1636.000000,10.000000
34.000000,104.000000,10.000000,2127.000000,1647.000000,10.000000
121.000000,110.000000,30.000000,2070.000000,1590.000000,10.000000
56.000000,139.000000,18.000000,1476.000000,996.000000,10.000000
106.000000,10.000000,13.000000,1520.000000,1040.000000,10.000000
125.000000,108.000000,20.000000,2128.000000,1648.000000,10.000000
21.000000,115.000000,10.000000,2372.000000,1892.000000,10.000000
110.000000,66.000000,10.000000,2295.000000,1815.000000,10.000000
36.000000,38.000000,5.000000,964.000000,484.000000,10.000000
56.000000,129.000000,21.000000,1569.000000,1089.000000,10.000000
4.000000,30.000000,40.000000,2091.000000,1611.000000,10.000000
8.000000,138.000000,10.000000,1550.000000,1070.000000,10.000000
88.000000,35.000000,20.000000,2450.000000,1970.000000,10.000000
116.000000,132.000000,10.000000,2008.000000,1528.000000,10.000000
113.000000,45.000000,4.000000,1519.000000,1039.000000,10.000000
28.000000,107.000000,20.000000,2454.000000,1974.000000,10.000000
115.000000,134.000000,30.000000,2419.000000,1939.000000,10.000000
116.000000,83.000000,30.000000,1997.000000,1517.000000,10.000000
57.000000,59.000000,10.000000,2229.000000,1749.000000,10.000000
89.000000,39.000000,23.000000,2499.000000,2019.000000,10.000000
59.000000,52.000000,20.000000,2387.000000,1907.000000,10.000000
112.000000,71.000000,20.000000,2493.000000,2013.000000,10.000000
35.000000,99.000000,20.000000,1974.000000,1494.000000,10.000000
23.000000,39.000000,20.000000,1308.000000,828.000000,10.000000
84.000000,39.000000,20.000000,2256.000000,1776.000000,10.000000
19.000000,120.000000,16.000000,1670.000000,1190.000000,10.000000
20.000000,39.000000,10.000000,2118.000000,1638.000000,10.000000
90.000000,104.000000,20.000000,2146.000000,1666.000000,10.000000
66.000000,91.000000,16.000000,2514.000000,2034.000000,10.000000
4.000000,44.000000,24.000000,1053.000000,573.000000,10.000000
78.000000,63.000000,19.000000,2525.000000,2045.000000,10.000000
92.000000,107.000000,30.000000,2382.000000,1902.000000,10.000000
37.000000,138.000000,5.000000,1876.000000,1396.000000,10.000000
120.000000,14.000000,20.000000,1681.000000,1201.000000,10.000000
33.000000,0.000000,20.000000,785.000000,305.000000,10.000000
113.000000,71.000000,10.000000,2482.000000,2002.000000,10.000000
112.000000,13.000000,27.000000,615.000000,135.000000,10.000000
41.000000,36.000000,13.000000,2491.000000,2011.000000,10.000000
64.000000,61.000000,20.000000,2118.000000,1638.000000,10.000000
121.000000,134.000000,20.000000,2208.000000,1728.000000,10.000000
103.000000,44.000000,12.000000,2493.000000,2013.000000,10.000000
67.000000,55.000000,10.000000,2520.000000,2040.000000,10.000000
86.000000,80.000000,21.000000,1217.000000,737.000000,10.000000
64.000000,132.000000,8.000000,2473.000000,1993.000000,10.000000
93.000000,36.000000,20.000000,2494.000000,2014.000000,10.000000
115.000000,124.000000,11.000000,1071.000000,591.000000,10.000000
103.000000,82.000000,27.000000,1410.000000,930.000000,10.000000
18.000000,38.000000,30.000000,2256.000000,1776.000000,10.000000
122.000000,131.000000,20.000000,2155.000000,1675.000000,10.000000
107.000000,63.000000,30.000000,2238.000000,1758.000000,10.000000
48.000000,47.000000,19.000000,2504.000000,2024.000000,10.000000
62.000000,58.000000,20.000000,2521.000000,2041.000000,10.000000
0.000000,27.000000,30.000000,2350.000000,1870.000000,10.000000
118.000000,114.000000,10.000000,2470.000000,1990.000000,10.000000
91.000000,95.000000,20.000000,2029.000000,1549.000000,10.000000
113.000000,35.000000,9.000000,2480.000000,2000.000000,10.000000
119.000000,139.000000,20.000000,2353.000000,1873.000000,10.000000
104.000000,54.000000,13.000000,2498.000000,2018.000000,10.000000
15.000000,4.000000,23.000000,2312.000000,1832.000000,10.000000
59.000000,56.000000,20.000000,2283.000000,1803.000000,10.000000
21.000000,44.000000,20.000000,2480.000000,2000.000000,10.000000
100.000000,106.000000,10.000000,2310.000000,1830.000000,10.000000
47.000000,83.000000,1.000000,1444.000000,964.000000,10.000000
34.000000,72.000000,21.000000,526.000000,46.000000,10.000000
32.000000,106.000000,10.000000,2179.000000,1699.000000,10.000000
109.000000,131.000000,20.000000,2463.000000,1983.000000,10.000000
89.000000,24.000000,15.000000,1511.000000,1031.000000,10.000000
97.000000,28.000000,20.000000,2486.000000,2006.000000,10.000000
86.000000,37.000000,10.000000,2357.000000,1877.000000,10.000000
1.000000,34.000000,20.000000,2458.000000,1978.000000,10.000000
103.000000,69.000000,30.000000,2502.000000,2022.000000,10.000000
98.000000,31.000000,20.000000,2333.000000,1853.000000,10.000000
103.000000,34.000000,30.000000,2270.000000,1790.000000,10.000000
13.000000,48.000000,15.000000,1033.000000,553.000000,10.000000
22.000000,38.000000,20.000000,2069.000000,1589.000000,10.000000
61.000000,59.000000,20.000000,2173.000000,1693.000000,10.000000
94.000000,105.000000,10.000000,2246.000000,1766.000000,10.000000
118.000000,131.000000,20.000000,2057.000000,1577.000000,10.000000
108.000000,30.000000,18.000000,2332.000000,1852.000000,10.000000
36.000000,105.000000,20.000000,2078.000000,1598.000000,10.000000
133.000000,130.000000,13.000000,1826.000000,1346.000000,10.000000
15.000000,18.000000,10.000000,1115.000000,635.000000,10.000000
103.000000,86.000000,19.000000,1684.000000,1204.000000,10.000000
107.000000,77.000000,34.000000,2498.000000,2018.000000,10.000000
99.000000,34.000000,9.000000,2412.000000,1932.000000,10.000000
17.000000,43.000000,10.000000,2448.000000,1968.000000,10.000000
140.000000,36.000000,1.000000,2013.000000,1533.000000,10.000000
26.000000,105.000000,40.000000,2479.000000,1999.000000,10.000000
60.000000,23.000000,16.000000,2487.000000,2007.000000,10.000000
