70.000000,70.000000,70.000000,3598.000000,0.000000,100.000000
38.000000,105.000000,2.000000,1280.000000,141.000000,90.000000
100.000000,5.000000,2.000000,3075.000000,2625.000000,90.000000
111.000000,78.000000,1.000000,2706.000000,2288.000000,90.000000
96.000000,62.000000,1.000000,1480.000000,117.000000,90.000000
122.000000,11.000000,3.000000,2122.000000,1070.000000,90.000000
94.000000,18.000000,3.000000,3487.000000,3003.000000,90.000000
60.000000,89.000000,1.000000,1263.000000,579.000000,90.000000
67.000000,123.000000,2.000000,3071.000000,2153.000000,90.000000
99.000000,53.000000,2.000000,2382.000000,1019.000000,90.000000
26.000000,24.000000,2.000000,3535.000000,2421.000000,90.000000
93.000000,61.000000,1.000000,1598.000000,114.000000,90.000000
27.000000,32.000000,2.000000,2914.000000,1704.000000,90.000000
25.000000,31.000000,2.000000,2834.000000,1968.000000,90.000000
98.000000,36.000000,1.000000,951.000000,134.000000,90.000000
101.000000,68.000000,1.000000,3229.000000,1973.000000,90.000000
49.000000,48.000000,1.000000,2366.000000,1865.000000,90.000000
56.000000,95.000000,1.000000,1335.000000,700.000000,90.000000
14.000000,107.000000,2.000000,3214.000000,2151.000000,90.000000
98.000000,46.000000,2.000000,2066.000000,1142.000000,90.000000
131.000000,4.000000,4.000000,2205.000000,1557.000000,90.000000
94.000000,89.000000,2.000000,1140.000000,306.000000,90.000000
70.000000,113.000000,3.000000,2613.000000,1822.000000,90.000000
94.000000,59.000000,3.000000,736.000000,296.000000,90.000000
64.000000,59.000000,1.000000,2133.000000,1063.000000,90.000000
112.000000,3.000000,1.000000,2623.000000,1723.000000,90.000000
20.000000,108.000000,1.000000,3228.000000,2330.000000,90.000000
10.000000,118.000000,2.000000,2690.000000,1314.000000,90.000000
76.000000,65.000000,4.000000,3591.000000,3040.000000,90.000000
103.000000,12.000000,2.000000,3472.000000,2423.000000,90.000000
44.000000,62.000000,3.000000,3011.000000,1792.000000,90.000000
96.000000,138.000000,1.000000,2240.000000,820.000000,90.000000
27.000000,44.000000,2.000000,2670.000000,1555.000000,90.000000
21.000000,28.000000,4.000000,2571.000000,2421.000000,90.000000
26.000000,91.000000,1.000000,1471.000000,138.000000,90.000000
98.000000,75.000000,1.000000,3309.000000,2281.000000,90.000000
69.000000,48.000000,2.000000,434.000000,363.000000,90.000000
19.000000,116.000000,1.000000,2268.000000,735.000000,90.000000
60.000000,111.000000,1.000000,3130.000000,3054.000000,90.000000
54.000000,102.000000,2.000000,3526.000000,3044.000000,90.000000
63.000000,103.000000,2.000000,3565.000000,3187.000000,90.000000
91.000000,91.000000,1.000000,3569.000000,2279.000000,90.000000
77.000000,15.000000,1.000000,3543.000000,2518.000000,90.000000
77.000000,117.000000,3.000000,2401.000000,1472.000000,90.000000
115.000000,41.000000,2.000000,1361.000000,299.000000,90.000000
12.000000,33.000000,1.000000,2977.000000,2397.000000,90.000000
44.000000,82.000000,2.000000,3141.000000,2291.000000,90.000000
117.000000,55.000000,2.000000,2534.000000,1834.000000,90.000000
116.000000,10.000000,2.000000,2821.000000,1903.000000,90.000000
57.000000,77.000000,2.000000,1695.000000,1101.000000,90.000000
29.000000,36.000000,2.000000,2747.000000,1281.000000,90.000000
90.000000,91.000000,1.000000,1069.000000,188.000000,90.000000
62.000000,73.000000,2.000000,815.000000,98.000000,90.000000
6.000000,121.000000,2.000000,2065.000000,1749.000000,90.000000
105.000000,49.000000,1.000000,1868.000000,519.000000,90.000000
28.000000,115.000000,1.000000,1523.000000,704.000000,90.000000
4.000000,137.000000,3.000000,2382.000000,1218.000000,90.000000
11.000000,100.000000,2.000000,3162.000000,2008.000000,90.000000
67.000000,84.000000,3.000000,1074.000000,208.000000,90.000000
23.000000,22.000000,2.000000,3402.000000,2919.000000,90.000000
41.000000,64.000000,2.000000,2842.000000,2148.000000,90.000000
56.000000,56.000000,4.000000,2730.000000,1299.000000,90.000000
80.000000,40.000000,2.000000,2128.000000,1483.000000,90.000000
60.000000,66.000000,3.000000,3588.000000,2794.000000,90.000000
16.000000,90.000000,2.000000,3541.000000,2572.000000,90.000000
104.000000,82.000000,3.000000,3381.000000,2407.000000,90.000000
64.000000,78.000000,1.000000,1329.000000,100.000000,90.000000
47.000000,36.000000,2.000000,3557.000000,3313.000000,90.000000
46.000000,80.000000,2.000000,1174.000000,116.000000,90.000000
86.000000,124.000000,2.000000,2295.000000,1179.000000,90.000000
48.000000,72.000000,2.000000,3443.000000,2378.000000,90.000000
121.000000,9.000000,1.000000,2325.000000,1234.000000,90.000000
60.000000,52.000000,2.000000,2426.000000,1413.000000,90.000000
25.000000,46.000000,2.000000,2940.000000,1470.000000,90.000000
26.000000,15.000000,2.000000,1883.000000,1155.000000,90.000000
98.000000,116.000000,3.000000,1643.000000,400.000000,90.000000
66.000000,131.000000,1.000000,3342.000000,2077.000000,90.000000
15.000000,30.000000,2.000000,2884.000000,2302.000000,90.000000
66.000000,117.000000,3.000000,2854.000000,2177.000000,90.000000
111.000000,70.000000,2.000000,937.000000,679.000000,90.000000
123.000000,19.000000,2.000000,1849.000000,765.000000,90.000000
17.000000,18.000000,3.000000,1652.000000,1003.000000,90.000000
57.000000,87.000000,1.000000,1471.000000,760.000000,90.000000
102.000000,33.000000,3.000000,804.000000,259.000000,90.000000
7.000000,113.000000,1.000000,2522.000000,1672.000000,90.000000
37.000000,115.000000,2.000000,1210.000000,820.000000,90.000000
17.000000,25.000000,1.000000,3529.000000,2187.000000,90.000000
83.000000,105.000000,3.000000,1463.000000,978.000000,90.000000
51.000000,115.000000,1.000000,1446.000000,376.000000,90.000000
96.000000,55.000000,2.000000,2280.000000,1498.000000,90.000000
112.000000,2.000000,2.000000,2826.000000,1337.000000,90.000000
116.000000,23.000000,2.000000,1677.000000,381.000000,90.000000
57.000000,70.000000,1.000000,1943.000000,1047.000000,90.000000
15.000000,23.000000,3.000000,3080.000000,2862.000000,90.000000
45.000000,68.000000,3.000000,3394.000000,2799.000000,90.000000
19.000000,41.000000,1.000000,770.000000,295.000000,90.000000
38.000000,16.000000,1.000000,2379.000000,1425.000000,90.000000
81.000000,135.000000,2.000000,1797.000000,1473.000000,90.000000
62.000000,128.000000,2.000000,3386.000000,2223.000000,90.000000
49.000000,70.000000,2.000000,3577.000000,2310.000000,90.000000
24.000000,19.000000,1.000000,1667.000000,1181.000000,90.000000
119.000000,20.000000,1.000000,1567.000000,679.000000,90.000000
62.000000,125.000000,3.000000,3294.000000,2502.000000,90.000000
29.000000,10.000000,3.000000,1981.000000,1428.000000,90.000000
13.000000,80.000000,3.000000,3541.000000,2773.000000,90.000000
65.000000,73.000000,1.000000,613.000000,98.000000,90.000000
109.000000,25.000000,1.000000,1617.000000,149.000000,90.000000
91.000000,71.000000,1.000000,3577.000000,2161.000000,90.000000
47.000000,57.000000,3.000000,2785.000000,1826.000000,90.000000
9.000000,42.000000,2.000000,893.000000,764.000000,90.000000
96.000000,23.000000,3.000000,3459.000000,3222.000000,90.000000
26.000000,102.000000,4.000000,805.000000,410.000000,90.000000
4.000000,15.000000,2.000000,1193.000000,1061.000000,90.000000
3.000000,98.000000,1.000000,2852.000000,2122.000000,90.000000
35.000000,88.000000,2.000000,852.000000,129.000000,90.000000
18.000000,107.000000,1.000000,3091.000000,2834.000000,90.000000
95.000000,68.000000,2.000000,3022.000000,2372.000000,90.000000
58.000000,85.000000,1.000000,1636.000000,780.000000,90.000000
11.000000,23.000000,1.000000,3327.000000,2428.000000,90.000000
61.000000,107.000000,1.000000,3397.000000,2975.000000,90.000000
3.000000,17.000000,1.000000,1344.000000,726.000000,90.000000
26.000000,104.000000,1.000000,1634.000000,980.000000,90.000000
74.000000,56.000000,1.000000,2302.000000,1096.000000,90.000000
24.000000,105.000000,1.000000,1561.000000,1239.000000,90.000000
30.000000,106.000000,3.000000,1622.000000,804.000000,90.000000
4.000000,33.000000,2.000000,1408.000000,449.000000,90.000000
106.000000,0.000000,1.000000,2858.000000,2258.000000,90.000000
120.000000,10.000000,2.000000,2070.000000,1306.000000,90.000000
106.000000,5.000000,3.000000,2779.000000,2148.000000,90.000000
30.000000,58.000000,2.000000,1340.000000,131.000000,90.000000
9.000000,9.000000,1.000000,1546.000000,904.000000,90.000000
7.000000,92.000000,2.000000,2938.000000,1841.000000,90.000000
50.000000,29.000000,1.000000,3553.000000,2276.000000,90.000000
46.000000,52.000000,1.000000,2583.000000,1838.000000,90.000000
70.000000,110.000000,3.000000,3037.000000,1584.000000,90.000000
37.000000,111.000000,2.000000,1196.000000,417.000000,90.000000
75.000000,64.000000,2.000000,3591.000000,2675.000000,90.000000
20.000000,93.000000,1.000000,3543.000000,2446.000000,90.000000
94.000000,1.000000,1.000000,3025.000000,2480.000000,90.000000
41.000000,12.000000,1.000000,2267.000000,1348.000000,90.000000
20.000000,109.000000,1.000000,3078.000000,2662.000000,90.000000
28.000000,14.000000,2.000000,1615.000000,1606.000000,90.000000
87.000000,63.000000,3.000000,3580.000000,2011.000000,90.000000
101.000000,4.000000,1.000000,3110.000000,2200.000000,90.000000
80.000000,22.000000,1.000000,3549.000000,2747.000000,90.000000
117.000000,10.000000,1.000000,2780.000000,1762.000000,90.000000
103.000000,33.000000,1.000000,1991.000000,1009.000000,90.000000
104.000000,51.000000,2.000000,1708.000000,496.000000,90.000000
103.000000,19.000000,3.000000,3538.000000,2072.000000,90.000000
7.000000,52.000000,2.000000,1246.000000,210.000000,90.000000
73.000000,119.000000,3.000000,2462.000000,1599.000000,90.000000
79.000000,128.000000,3.000000,2165.000000,1505.000000,90.000000
10.000000,50.000000,2.000000,866.000000,404.000000,90.000000
26.000000,23.000000,5.000000,3534.000000,2413.000000,90.000000
95.000000,103.000000,2.000000,1508.000000,147.000000,90.000000
101.000000,59.000000,3.000000,2227.000000,1744.000000,90.000000
113.000000,67.000000,2.000000,1111.000000,693.000000,90.000000
25.000000,94.000000,1.000000,975.000000,141.000000,90.000000
120.000000,20.000000,2.000000,1695.000000,733.000000,90.000000
105.000000,26.000000,3.000000,1052.000000,207.000000,90.000000
59.000000,77.000000,2.000000,1479.000000,1134.000000,90.000000
116.000000,34.000000,2.000000,1674.000000,930.000000,90.000000
45.000000,71.000000,1.000000,3553.000000,2081.000000,90.000000
86.000000,109.000000,1.000000,1296.000000,954.000000,90.000000
15.000000,96.000000,1.000000,3333.000000,2982.000000,90.000000
64.000000,88.000000,3.000000,1144.000000,327.000000,90.000000
60.000000,115.000000,2.000000,3552.000000,2414.000000,90.000000
63.000000,100.000000,1.000000,3568.000000,2470.000000,90.000000
94.000000,104.000000,3.000000,1408.000000,429.000000,90.000000
8.000000,102.000000,1.000000,2526.000000,2054.000000,90.000000
64.000000,89.000000,1.000000,1433.000000,220.000000,90.000000
61.000000,66.000000,1.000000,3589.000000,2938.000000,90.000000
95.000000,121.000000,1.000000,1649.000000,1011.000000,90.000000
47.000000,63.000000,3.000000,3436.000000,2948.000000,90.000000
19.000000,96.000000,1.000000,3541.000000,2206.000000,90.000000
103.000000,55.000000,2.000000,2357.000000,1803.000000,90.000000
36.000000,94.000000,3.000000,652.000000,131.000000,90.000000
75.000000,103.000000,2.000000,3243.000000,1575.000000,90.000000
65.000000,80.000000,1.000000,3587.000000,3118.000000,90.000000
94.000000,56.000000,3.000000,2251.000000,1342.000000,90.000000
18.000000,123.000000,2.000000,2489.000000,709.000000,90.000000
92.000000,123.000000,1.000000,1917.000000,932.000000,90.000000
12.000000,31.000000,2.000000,3132.000000,2427.000000,90.000000
106.000000,81.000000,2.000000,3414.000000,2559.000000,90.000000
98.000000,28.000000,1.000000,3548.000000,2305.000000,90.000000
14.000000,133.000000,3.000000,1839.000000,1561.000000,90.000000
101.000000,32.000000,2.000000,1659.000000,1156.000000,90.000000
25.000000,66.000000,1.000000,3130.000000,2073.000000,90.000000
78.000000,61.000000,4.000000,3586.000000,3198.000000,90.000000
123.000000,64.000000,2.000000,3285.000000,1283.000000,90.000000
126.000000,20.000000,2.000000,1760.000000,1042.000000,90.000000
72.000000,117.000000,1.000000,2883.000000,1362.000000,90.000000
10.000000,105.000000,2.000000,2401.000000,1991.000000,90.000000
128.000000,0.000000,1.000000,2339.000000,1612.000000,90.000000
130.000000,16.000000,3.000000,1861.000000,1132.000000,90.000000
114.000000,63.000000,1.000000,1389.000000,603.000000,90.000000
80.000000,63.000000,2.000000,3586.000000,2954.000000,90.000000
113.000000,36.000000,1.000000,1413.000000,439.000000,90.000000
15.000000,94.000000,3.000000,3538.000000,2573.000000,90.000000
129.000000,77.000000,1.000000,2653.000000,2125.000000,90.000000
85.000000,85.000000,2.000000,3577.000000,2591.000000,90.000000
