70.000000,70.000000,200.000000,1351.000000,0.000000,100.000000
33.000000,78.000000,20.000000,661.000000,481.000000,90.000000
59.000000,52.000000,20.000000,864.000000,684.000000,90.000000
10.000000,137.000000,30.000000,1258.000000,1078.000000,90.000000
4.000000,28.000000,10.000000,802.000000,622.000000,90.000000
25.000000,26.000000,20.000000,1287.000000,1107.000000,90.000000
86.000000,37.000000,10.000000,936.000000,756.000000,90.000000
1.000000,109.000000,10.000000,793.000000,613.000000,90.000000
6.000000,135.000000,40.000000,1072.000000,892.000000,90.000000
32.000000,79.000000,20.000000,753.000000,573.000000,90.000000
24.000000,26.000000,20.000000,1196.000000,1016.000000,90.000000
86.000000,36.000000,20.000000,1027.000000,847.000000,90.000000
95.000000,35.000000,10.000000,1217.000000,1037.000000,90.000000
63.000000,50.000000,10.000000,1051.000000,871.000000,90.000000
100.000000,106.000000,10.000000,845.000000,665.000000,90.000000
99.000000,112.000000,20.000000,563.000000,383.000000,90.000000
36.000000,135.000000,10.000000,808.000000,628.000000,90.000000
57.000000,59.000000,10.000000,584.000000,404.000000,90.000000
8.000000,124.000000,10.000000,1177.000000,997.000000,90.000000
85.000000,106.000000,20.000000,1221.000000,1041.000000,90.000000
103.000000,69.000000,30.000000,1318.000000,1138.000000,90.000000
109.000000,131.000000,20.000000,1279.000000,1099.000000,90.000000
43.000000,140.000000,10.000000,1001.000000,821.000000,90.000000
115.000000,134.000000,30.000000,1272.000000,1092.000000,90.000000
98.000000,70.000000,10.000000,952.000000,772.000000,90.000000
112.000000,67.000000,10.000000,943.000000,763.000000,90.000000
102.000000,104.000000,20.000000,1212.000000,1032.000000,90.000000
93.000000,75.000000,30.000000,1233.000000,1053.000000,90.000000
90.000000,104.000000,20.000000,564.000000,384.000000,90.000000
127.000000,108.000000,10.000000,731.000000,551.000000,90.000000
84.000000,99.000000,20.000000,1319.000000,1139.000000,90.000000
113.000000,69.000000,20.000000,1036.000000,856.000000,90.000000
129.000000,9.000000,10.000000,1267.000000,1087.000000,90.000000
18.000000,38.000000,30.000000,831.000000,651.000000,90.000000
30.000000,27.000000,10.000000,637.000000,457.000000,90.000000
25.000000,80.000000,20.000000,1031.000000,851.000000,90.000000
17.000000,37.000000,30.000000,923.000000,743.000000,90.000000
32.000000,106.000000,10.000000,812.000000,632.000000,90.000000
43.000000,135.000000,10.000000,1187.000000,1007.000000,90.000000
61.000000,59.000000,20.000000,490.000000,310.000000,90.000000
104.000000,106.000000,20.000000,1029.000000,849.000000,90.000000
109.000000,71.000000,20.000000,1312.000000,1132.000000,90.000000
121.000000,110.000000,30.000000,545.000000,365.000000,90.000000
61.000000,48.000000,20.000000,958.000000,778.000000,90.000000
74.000000,99.000000,20.000000,1232.000000,1052.000000,90.000000
89.000000,73.000000,10.000000,1332.000000,1152.000000,90.000000
21.000000,25.000000,20.000000,1012.000000,832.000000,90.000000
99.000000,28.000000,30.000000,1024.000000,844.000000,90.000000
101.000000,96.000000,10.000000,1310.000000,1130.000000,90.000000
9.000000,114.000000,20.000000,512.000000,332.000000,90.000000
121.000000,112.000000,20.000000,1192.000000,1012.000000,90.000000
137.000000,6.000000,10.000000,796.000000,616.000000,90.000000
118.000000,131.000000,20.000000,622.000000,442.000000,90.000000
34.000000,82.000000,10.000000,477.000000,297.000000,90.000000
4.000000,125.000000,30.000000,1083.000000,903.000000,90.000000
26.000000,105.000000,40.000000,1294.000000,1114.000000,90.000000
35.000000,123.000000,20.000000,333.000000,153.000000,90.000000
21.000000,48.000000,10.000000,1298.000000,1118.000000,90.000000
21.000000,115.000000,10.000000,1100.000000,920.000000,90.000000
99.000000,108.000000,20.000000,469.000000,289.000000,90.000000
1.000000,34.000000,20.000000,1274.000000,1094.000000,90.000000
94.000000,70.000000,20.000000,858.000000,678.000000,90.000000
74.000000,93.000000,20.000000,1328.000000,1148.000000,90.000000
32.000000,128.000000,20.000000,340.000000,160.000000,90.000000
94.000000,73.000000,10.000000,675.000000,495.000000,90.000000
135.000000,3.000000,20.000000,1166.000000,986.000000,90.000000
97.000000,28.000000,20.000000,1301.000000,1121.000000,90.000000
59.000000,56.000000,20.000000,678.000000,498.000000,90.000000
80.000000,97.000000,10.000000,954.000000,774.000000,90.000000
134.000000,31.000000,20.000000,904.000000,724.000000,90.000000
103.000000,34.000000,30.000000,835.000000,655.000000,90.000000
30.000000,79.000000,20.000000,845.000000,665.000000,90.000000
4.000000,30.000000,40.000000,710.000000,530.000000,90.000000
87.000000,39.000000,20.000000,1316.000000,1136.000000,90.000000
90.000000,101.000000,10.000000,471.000000,291.000000,90.000000
119.000000,136.000000,30.000000,1082.000000,902.000000,90.000000
78.000000,92.000000,30.000000,859.000000,679.000000,90.000000
110.000000,66.000000,10.000000,761.000000,581.000000,90.000000
62.000000,58.000000,20.000000,1240.000000,1060.000000,90.000000
127.000000,112.000000,20.000000,825.000000,645.000000,90.000000
113.000000,71.000000,10.000000,1128.000000,948.000000,90.000000
34.000000,104.000000,10.000000,719.000000,539.000000,90.000000
2.000000,28.000000,10.000000,1267.000000,1087.000000,90.000000
17.000000,43.000000,10.000000,1199.000000,1019.000000,90.000000
1.000000,24.000000,10.000000,1082.000000,902.000000,90.000000
112.000000,71.000000,20.000000,1219.000000,1039.000000,90.000000
135.000000,0.000000,10.000000,1073.000000,893.000000,90.000000
125.000000,108.000000,20.000000,639.000000,459.000000,90.000000
8.000000,138.000000,30.000000,1166.000000,986.000000,90.000000
103.000000,111.000000,20.000000,748.000000,568.000000,90.000000
57.000000,53.000000,10.000000,772.000000,592.000000,90.000000
98.000000,31.000000,20.000000,931.000000,751.000000,90.000000
116.000000,132.000000,10.000000,529.000000,349.000000,90.000000
28.000000,99.000000,10.000000,1300.000000,1120.000000,90.000000
137.000000,3.000000,20.000000,889.000000,709.000000,90.000000
29.000000,28.000000,10.000000,546.000000,366.000000,90.000000
94.000000,105.000000,10.000000,749.000000,569.000000,90.000000
92.000000,107.000000,30.000000,943.000000,763.000000,90.000000
10.000000,134.000000,10.000000,788.000000,608.000000,90.000000
34.000000,79.000000,10.000000,570.000000,390.000000,90.000000
94.000000,72.000000,20.000000,766.000000,586.000000,90.000000
35.000000,76.000000,10.000000,1316.000000,1136.000000,90.000000
76.000000,99.000000,20.000000,1140.000000,960.000000,90.000000
127.000000,28.000000,30.000000,1280.000000,1100.000000,90.000000
8.000000,119.000000,20.000000,1272.000000,1092.000000,90.000000
102.000000,110.000000,10.000000,657.000000,477.000000,90.000000
24.000000,24.000000,10.000000,826.000000,646.000000,90.000000
64.000000,61.000000,20.000000,397.000000,217.000000,90.000000
22.000000,38.000000,20.000000,465.000000,285.000000,90.000000
88.000000,72.000000,30.000000,489.000000,309.000000,90.000000
107.000000,63.000000,30.000000,667.000000,487.000000,90.000000
33.000000,131.000000,30.000000,433.000000,253.000000,90.000000
123.000000,112.000000,20.000000,1009.000000,829.000000,90.000000
67.000000,55.000000,10.000000,1336.000000,1156.000000,90.000000
39.000000,128.000000,10.000000,1286.000000,1106.000000,90.000000
136.000000,0.000000,30.000000,982.000000,802.000000,90.000000
93.000000,36.000000,20.000000,1309.000000,1129.000000,90.000000
7.000000,115.000000,10.000000,605.000000,425.000000,90.000000
21.000000,44.000000,20.000000,1293.000000,1113.000000,90.000000
28.000000,74.000000,20.000000,1217.000000,1037.000000,90.000000
86.000000,102.000000,10.000000,1315.000000,1135.000000,90.000000
19.000000,37.000000,20.000000,740.000000,560.000000,90.000000
84.000000,36.000000,10.000000,844.000000,664.000000,90.000000
118.000000,108.000000,10.000000,451.000000,271.000000,90.000000
132.000000,24.000000,10.000000,1093.000000,913.000000,90.000000
6.000000,25.000000,10.000000,896.000000,716.000000,90.000000
28.000000,78.000000,10.000000,937.000000,757.000000,90.000000
2.000000,132.000000,10.000000,886.000000,706.000000,90.000000
22.000000,22.000000,10.000000,919.000000,739.000000,90.000000
88.000000,35.000000,20.000000,1120.000000,940.000000,90.000000
94.000000,104.000000,10.000000,658.000000,478.000000,90.000000
74.000000,96.000000,30.000000,1325.000000,1145.000000,90.000000
0.000000,117.000000,30.000000,891.000000,711.000000,90.000000
99.000000,96.000000,10.000000,1313.000000,1133.000000,90.000000
119.000000,114.000000,20.000000,1285.000000,1105.000000,90.000000
28.000000,107.000000,20.000000,1201.000000,1021.000000,90.000000
133.000000,12.000000,10.000000,605.000000,425.000000,90.000000
35.000000,102.000000,10.000000,534.000000,354.000000,90.000000
36.000000,105.000000,20.000000,627.000000,447.000000,90.000000
84.000000,39.000000,20.000000,751.000000,571.000000,90.000000
34.000000,138.000000,20.000000,714.000000,534.000000,90.000000
136.000000,29.000000,10.000000,997.000000,817.000000,90.000000
33.000000,133.000000,20.000000,525.000000,345.000000,90.000000
16.000000,39.000000,20.000000,1105.000000,925.000000,90.000000
32.000000,77.000000,20.000000,1312.000000,1132.000000,90.000000
122.000000,131.000000,20.000000,806.000000,626.000000,90.000000
77.000000,100.000000,20.000000,1048.000000,868.000000,90.000000
96.000000,26.000000,10.000000,1209.000000,1029.000000,90.000000
127.000000,29.000000,20.000000,1281.000000,1101.000000,90.000000
91.000000,95.000000,20.000000,375.000000,195.000000,90.000000
42.000000,136.000000,10.000000,1095.000000,915.000000,90.000000
36.000000,132.000000,10.000000,901.000000,721.000000,90.000000
103.000000,106.000000,30.000000,1120.000000,940.000000,90.000000
107.000000,105.000000,10.000000,936.000000,756.000000,90.000000
96.000000,74.000000,10.000000,1047.000000,867.000000,90.000000
63.000000,57.000000,10.000000,1331.000000,1151.000000,90.000000
122.000000,113.000000,20.000000,1101.000000,921.000000,90.000000
14.000000,131.000000,10.000000,693.000000,513.000000,90.000000
30.000000,31.000000,20.000000,453.000000,273.000000,90.000000
40.000000,132.000000,20.000000,1281.000000,1101.000000,90.000000
99.000000,26.000000,40.000000,1116.000000,936.000000,90.000000
10.000000,118.000000,10.000000,1275.000000,1095.000000,90.000000
102.000000,60.000000,30.000000,571.000000,391.000000,90.000000
120.000000,136.000000,10.000000,991.000000,811.000000,90.000000
97.000000,29.000000,30.000000,1302.000000,1122.000000,90.000000
19.000000,39.000000,10.000000,648.000000,468.000000,90.000000
27.000000,77.000000,10.000000,1124.000000,944.000000,90.000000
30.000000,24.000000,20.000000,730.000000,550.000000,90.000000
126.000000,112.000000,10.000000,916.000000,736.000000,90.000000
105.000000,110.000000,20.000000,840.000000,660.000000,90.000000
118.000000,114.000000,10.000000,1286.000000,1106.000000,90.000000
135.000000,6.000000,30.000000,1259.000000,1079.000000,90.000000
111.000000,66.000000,20.000000,852.000000,672.000000,90.000000
95.000000,77.000000,10.000000,1140.000000,960.000000,90.000000
139.000000,10.000000,30.000000,702.000000,522.000000,90.000000
61.000000,54.000000,10.000000,1146.000000,966.000000,90.000000
16.000000,38.000000,20.000000,1014.000000,834.000000,90.000000
16.000000,138.000000,10.000000,1265.000000,1085.000000,90.000000
91.000000,78.000000,10.000000,1326.000000,1146.000000,90.000000
91.000000,71.000000,20.000000,582.000000,402.000000,90.000000
0.000000,27.000000,30.000000,1175.000000,995.000000,90.000000
6.000000,113.000000,20.000000,697.000000,517.000000,90.000000
119.000000,139.000000,20.000000,1175.000000,995.000000,90.000000
35.000000,99.000000,20.000000,441.000000,261.000000,90.000000
31.000000,112.000000,20.000000,1000.000000,820.000000,90.000000
5.000000,119.000000,20.000000,987.000000,807.000000,90.000000
3.000000,135.000000,20.000000,979.000000,799.000000,90.000000
30.000000,136.000000,10.000000,620.000000,440.000000,90.000000
20.000000,39.000000,10.000000,557.000000,377.000000,90.000000
131.000000,11.000000,10.000000,513.000000,333.000000,90.000000
28.000000,33.000000,20.000000,1296.000000,1116.000000,90.000000
4.000000,23.000000,10.000000,989.000000,809.000000,90.000000
87.000000,108.000000,20.000000,1128.000000,948.000000,90.000000
21.000000,26.000000,20.000000,1103.000000,923.000000,90.000000
121.000000,134.000000,20.000000,899.000000,719.000000,90.000000
119.000000,130.000000,20.000000,713.000000,533.000000,90.000000
91.000000,108.000000,10.000000,1034.000000,854.000000,90.000000
130.000000,27.000000,30.000000,1187.000000,1007.000000,90.000000
101.000000,107.000000,10.000000,377.000000,197.000000,90.000000
34.000000,108.000000,10.000000,905.000000,725.000000,90.000000
131.000000,31.000000,20.000000,811.000000,631.000000,90.000000
