70.000000,70.000000,200.000000,1351.000000,0.000000,100.000000
33.000000,78.000000,20.000000,601.000000,542.000000,90.000000
59.000000,52.000000,20.000000,798.000000,749.000000,90.000000
10.000000,137.000000,30.000000,1204.000000,1132.000000,90.000000
4.000000,28.000000,10.000000,735.000000,690.000000,90.000000
25.000000,26.000000,20.000000,1223.000000,1172.000000,90.000000
86.000000,37.000000,10.000000,873.000000,820.000000,90.000000
1.000000,109.000000,10.000000,735.000000,671.000000,90.000000
6.000000,135.000000,40.000000,1000.000000,965.000000,90.000000
32.000000,79.000000,20.000000,696.000000,630.000000,90.000000
24.000000,26.000000,20.000000,1132.000000,1080.000000,90.000000
86.000000,36.000000,20.000000,967.000000,908.000000,90.000000
95.000000,35.000000,10.000000,1155.000000,1099.000000,90.000000
63.000000,50.000000,10.000000,987.000000,935.000000,90.000000
100.000000,106.000000,10.000000,784.000000,725.000000,90.000000
99.000000,112.000000,20.000000,505.000000,440.000000,90.000000
36.000000,135.000000,10.000000,753.000000,682.000000,90.000000
57.000000,59.000000,10.000000,527.000000,461.000000,90.000000
8.000000,124.000000,10.000000,1120.000000,1053.000000,90.000000
85.000000,106.000000,20.000000,1165.000000,1098.000000,90.000000
103.000000,69.000000,30.000000,1318.000000,1258.000000,90.000000
109.000000,131.000000,20.000000,1279.000000,1210.000000,90.000000
43.000000,140.000000,10.000000,941.000000,881.000000,90.000000
115.000000,134.000000,30.000000,1211.000000,1152.000000,90.000000
98.000000,70.000000,10.000000,884.000000,840.000000,90.000000
112.000000,67.000000,10.000000,889.000000,817.000000,90.000000
102.000000,104.000000,20.000000,1150.000000,1093.000000,90.000000
93.000000,75.000000,30.000000,1173.000000,1113.000000,90.000000
90.000000,104.000000,20.000000,506.000000,441.000000,90.000000
127.000000,108.000000,10.000000,674.000000,608.000000,90.000000
84.000000,99.000000,20.000000,1319.000000,1249.000000,90.000000
113.000000,69.000000,20.000000,981.000000,911.000000,90.000000
129.000000,9.000000,10.000000,1267.000000,1204.000000,90.000000
18.000000,38.000000,30.000000,769.000000,713.000000,90.000000
30.000000,27.000000,10.000000,579.000000,516.000000,90.000000
25.000000,80.000000,20.000000,971.000000,911.000000,90.000000
17.000000,37.000000,30.000000,858.000000,807.000000,90.000000
32.000000,106.000000,10.000000,749.000000,694.000000,90.000000
43.000000,135.000000,10.000000,1136.000000,1058.000000,90.000000
61.000000,59.000000,20.000000,420.000000,380.000000,90.000000
104.000000,106.000000,20.000000,961.000000,917.000000,90.000000
109.000000,71.000000,20.000000,1256.000000,1188.000000,90.000000
121.000000,110.000000,30.000000,481.000000,428.000000,90.000000
61.000000,48.000000,20.000000,903.000000,834.000000,90.000000
74.000000,99.000000,20.000000,1175.000000,1108.000000,90.000000
89.000000,73.000000,10.000000,1332.000000,1257.000000,90.000000
21.000000,25.000000,20.000000,946.000000,898.000000,90.000000
99.000000,28.000000,30.000000,959.000000,909.000000,90.000000
101.000000,96.000000,10.000000,1250.000000,1191.000000,90.000000
9.000000,114.000000,20.000000,447.000000,397.000000,90.000000
121.000000,112.000000,20.000000,1130.000000,1074.000000,90.000000
137.000000,6.000000,10.000000,740.000000,673.000000,90.000000
118.000000,131.000000,20.000000,569.000000,494.000000,90.000000
34.000000,82.000000,10.000000,423.000000,351.000000,90.000000
4.000000,125.000000,30.000000,1032.000000,953.000000,90.000000
26.000000,105.000000,40.000000,1236.000000,1172.000000,90.000000
35.000000,123.000000,20.000000,221.000000,153.000000,90.000000
21.000000,48.000000,10.000000,1298.000000,1228.000000,90.000000
21.000000,115.000000,10.000000,1045.000000,975.000000,90.000000
99.000000,108.000000,20.000000,399.000000,359.000000,90.000000
1.000000,34.000000,20.000000,1274.000000,1219.000000,90.000000
94.000000,70.000000,20.000000,795.000000,741.000000,90.000000
74.000000,93.000000,20.000000,1328.000000,1285.000000,90.000000
32.000000,128.000000,20.000000,272.000000,228.000000,90.000000
94.000000,73.000000,10.000000,610.000000,560.000000,90.000000
135.000000,3.000000,20.000000,1101.000000,1051.000000,90.000000
97.000000,28.000000,20.000000,1241.000000,1181.000000,90.000000
59.000000,56.000000,20.000000,606.000000,571.000000,90.000000
80.000000,97.000000,10.000000,894.000000,833.000000,90.000000
134.000000,31.000000,20.000000,843.000000,785.000000,90.000000
103.000000,34.000000,30.000000,774.000000,715.000000,90.000000
30.000000,79.000000,20.000000,790.000000,719.000000,90.000000
4.000000,30.000000,40.000000,658.000000,583.000000,90.000000
87.000000,39.000000,20.000000,1316.000000,1259.000000,90.000000
90.000000,101.000000,10.000000,418.000000,343.000000,90.000000
119.000000,136.000000,30.000000,1017.000000,967.000000,90.000000
78.000000,92.000000,30.000000,796.000000,741.000000,90.000000
110.000000,66.000000,10.000000,701.000000,641.000000,90.000000
62.000000,58.000000,20.000000,1178.000000,1122.000000,90.000000
127.000000,112.000000,20.000000,756.000000,715.000000,90.000000
113.000000,71.000000,10.000000,1065.000000,1010.000000,90.000000
34.000000,104.000000,10.000000,668.000000,591.000000,90.000000
2.000000,28.000000,10.000000,1203.000000,1152.000000,90.000000
17.000000,43.000000,10.000000,1146.000000,1072.000000,90.000000
1.000000,24.000000,10.000000,1018.000000,966.000000,90.000000
112.000000,71.000000,20.000000,1158.000000,1099.000000,90.000000
135.000000,0.000000,10.000000,1020.000000,946.000000,90.000000
125.000000,108.000000,20.000000,573.000000,526.000000,90.000000
8.000000,138.000000,30.000000,1117.000000,1035.000000,90.000000
103.000000,111.000000,20.000000,683.000000,632.000000,90.000000
57.000000,53.000000,10.000000,710.000000,654.000000,90.000000
98.000000,31.000000,20.000000,871.000000,810.000000,90.000000
116.000000,132.000000,10.000000,481.000000,398.000000,90.000000
28.000000,99.000000,10.000000,1300.000000,1258.000000,90.000000
137.000000,3.000000,20.000000,829.000000,770.000000,90.000000
29.000000,28.000000,10.000000,486.000000,426.000000,90.000000
94.000000,105.000000,10.000000,695.000000,623.000000,90.000000
92.000000,107.000000,30.000000,886.000000,819.000000,90.000000
10.000000,134.000000,10.000000,722.000000,674.000000,90.000000
34.000000,79.000000,10.000000,510.000000,449.000000,90.000000
94.000000,72.000000,20.000000,704.000000,648.000000,90.000000
35.000000,76.000000,10.000000,1316.000000,1260.000000,90.000000
76.000000,99.000000,20.000000,1078.000000,1021.000000,90.000000
127.000000,28.000000,30.000000,1223.000000,1156.000000,90.000000
8.000000,119.000000,20.000000,1209.000000,1154.000000,90.000000
102.000000,110.000000,10.000000,597.000000,537.000000,90.000000
24.000000,24.000000,10.000000,768.000000,704.000000,90.000000
64.000000,61.000000,20.000000,340.000000,274.000000,90.000000
22.000000,38.000000,20.000000,401.000000,348.000000,90.000000
88.000000,72.000000,30.000000,426.000000,372.000000,90.000000
107.000000,63.000000,30.000000,603.000000,551.000000,90.000000
33.000000,131.000000,30.000000,372.000000,314.000000,90.000000
123.000000,112.000000,20.000000,946.000000,892.000000,90.000000
67.000000,55.000000,10.000000,1336.000000,1289.000000,90.000000
39.000000,128.000000,10.000000,1286.000000,1218.000000,90.000000
136.000000,0.000000,30.000000,925.000000,860.000000,90.000000
93.000000,36.000000,20.000000,1253.000000,1185.000000,90.000000
7.000000,115.000000,10.000000,550.000000,479.000000,90.000000
21.000000,44.000000,20.000000,1236.000000,1171.000000,90.000000
28.000000,74.000000,20.000000,1163.000000,1091.000000,90.000000
86.000000,102.000000,10.000000,1258.000000,1192.000000,90.000000
19.000000,37.000000,20.000000,686.000000,613.000000,90.000000
84.000000,36.000000,10.000000,783.000000,725.000000,90.000000
118.000000,108.000000,10.000000,379.000000,343.000000,90.000000
132.000000,24.000000,10.000000,1040.000000,967.000000,90.000000
6.000000,25.000000,10.000000,835.000000,777.000000,90.000000
28.000000,78.000000,10.000000,872.000000,822.000000,90.000000
2.000000,132.000000,10.000000,825.000000,767.000000,90.000000
22.000000,22.000000,10.000000,857.000000,801.000000,90.000000
88.000000,35.000000,20.000000,1066.000000,993.000000,90.000000
94.000000,104.000000,10.000000,597.000000,538.000000,90.000000
74.000000,96.000000,30.000000,1271.000000,1198.000000,90.000000
0.000000,117.000000,30.000000,836.000000,766.000000,90.000000
99.000000,96.000000,10.000000,1313.000000,1258.000000,90.000000
119.000000,114.000000,20.000000,1223.000000,1166.000000,90.000000
28.000000,107.000000,20.000000,1145.000000,1076.000000,90.000000
133.000000,12.000000,10.000000,554.000000,477.000000,90.000000
35.000000,102.000000,10.000000,474.000000,413.000000,90.000000
36.000000,105.000000,20.000000,575.000000,499.000000,90.000000
84.000000,39.000000,20.000000,692.000000,631.000000,90.000000
34.000000,138.000000,20.000000,647.000000,602.000000,90.000000
136.000000,29.000000,10.000000,945.000000,869.000000,90.000000
33.000000,133.000000,20.000000,461.000000,410.000000,90.000000
16.000000,39.000000,20.000000,1037.000000,993.000000,90.000000
32.000000,77.000000,20.000000,1251.000000,1194.000000,90.000000
122.000000,131.000000,20.000000,743.000000,690.000000,90.000000
77.000000,100.000000,20.000000,995.000000,922.000000,90.000000
96.000000,26.000000,10.000000,1149.000000,1089.000000,90.000000
127.000000,29.000000,20.000000,1281.000000,1210.000000,90.000000
91.000000,95.000000,20.000000,315.000000,254.000000,90.000000
42.000000,136.000000,10.000000,1041.000000,970.000000,90.000000
36.000000,132.000000,10.000000,842.000000,780.000000,90.000000
103.000000,106.000000,30.000000,1055.000000,1004.000000,90.000000
107.000000,105.000000,10.000000,879.000000,812.000000,90.000000
96.000000,74.000000,10.000000,1000.000000,914.000000,90.000000
63.000000,57.000000,10.000000,1272.000000,1211.000000,90.000000
122.000000,113.000000,20.000000,1044.000000,977.000000,90.000000
14.000000,131.000000,10.000000,639.000000,567.000000,90.000000
30.000000,31.000000,20.000000,391.000000,335.000000,90.000000
40.000000,132.000000,20.000000,1214.000000,1169.000000,90.000000
99.000000,26.000000,40.000000,1064.000000,988.000000,90.000000
10.000000,118.000000,10.000000,1275.000000,1207.000000,90.000000
102.000000,60.000000,30.000000,511.000000,451.000000,90.000000
120.000000,136.000000,10.000000,934.000000,869.000000,90.000000
97.000000,29.000000,30.000000,1302.000000,1232.000000,90.000000
19.000000,39.000000,10.000000,587.000000,528.000000,90.000000
27.000000,77.000000,10.000000,1067.000000,1002.000000,90.000000
30.000000,24.000000,20.000000,678.000000,603.000000,90.000000
126.000000,112.000000,10.000000,844.000000,808.000000,90.000000
105.000000,110.000000,20.000000,784.000000,717.000000,90.000000
118.000000,114.000000,10.000000,1286.000000,1225.000000,90.000000
135.000000,6.000000,30.000000,1198.000000,1141.000000,90.000000
111.000000,66.000000,20.000000,790.000000,734.000000,90.000000
95.000000,77.000000,10.000000,1073.000000,1026.000000,90.000000
139.000000,10.000000,30.000000,628.000000,595.000000,90.000000
61.000000,54.000000,10.000000,1089.000000,1022.000000,90.000000
16.000000,38.000000,20.000000,964.000000,885.000000,90.000000
16.000000,138.000000,10.000000,1265.000000,1209.000000,90.000000
91.000000,78.000000,10.000000,1263.000000,1210.000000,90.000000
91.000000,71.000000,20.000000,522.000000,461.000000,90.000000
0.000000,27.000000,30.000000,1110.000000,1059.000000,90.000000
6.000000,113.000000,20.000000,631.000000,583.000000,90.000000
119.000000,139.000000,20.000000,1117.000000,1053.000000,90.000000
35.000000,99.000000,20.000000,375.000000,326.000000,90.000000
31.000000,112.000000,20.000000,950.000000,870.000000,90.000000
5.000000,119.000000,20.000000,926.000000,867.000000,90.000000
3.000000,135.000000,20.000000,918.000000,860.000000,90.000000
30.000000,136.000000,10.000000,559.000000,501.000000,90.000000
20.000000,39.000000,10.000000,496.000000,438.000000,90.000000
131.000000,11.000000,10.000000,456.000000,391.000000,90.000000
28.000000,33.000000,20.000000,1296.000000,1223.000000,90.000000
4.000000,23.000000,10.000000,937.000000,860.000000,90.000000
87.000000,108.000000,20.000000,1076.000000,1001.000000,90.000000
21.000000,26.000000,20.000000,1040.000000,986.000000,90.000000
121.000000,134.000000,20.000000,834.000000,784.000000,90.000000
119.000000,130.000000,20.000000,659.000000,586.000000,90.000000
91.000000,108.000000,10.000000,967.000000,921.000000,90.000000
130.000000,27.000000,30.000000,1122.000000,1071.000000,90.000000
101.000000,107.000000,10.000000,313.000000,261.000000,90.000000
34.000000,108.000000,10.000000,845.000000,785.000000,90.000000
131.000000,31.000000,20.000000,747.000000,694.000000,90.000000
