70.000000,70.000000,1000.000000,2535.000000,0.000000,100.000000
101.000000,0.000000,9.000000,603.000000,363.000000,10.000000
26.000000,50.000000,7.000000,1045.000000,805.000000,10.000000
30.000000,57.000000,20.000000,1674.000000,1434.000000,10.000000
29.000000,60.000000,14.000000,2486.000000,2246.000000,10.000000
69.000000,116.000000,26.000000,1218.000000,978.000000,10.000000
137.000000,137.000000,27.000000,2196.000000,1956.000000,10.000000
103.000000,119.000000,18.000000,1259.000000,1019.000000,10.000000
78.000000,111.000000,22.000000,2488.000000,2248.000000,10.000000
107.000000,25.000000,13.000000,1500.000000,1260.000000,10.000000
17.000000,138.000000,8.000000,865.000000,625.000000,10.000000
37.000000,138.000000,5.000000,2535.000000,85.000000,10.000000
20.000000,69.000000,13.000000,1083.000000,843.000000,10.000000
121.000000,123.000000,9.000000,1567.000000,1327.000000,10.000000
22.000000,104.000000,11.000000,1670.000000,1430.000000,10.000000
137.000000,7.000000,40.000000,1972.000000,1732.000000,10.000000
50.000000,106.000000,25.000000,1314.000000,1074.000000,10.000000
46.000000,112.000000,10.000000,1451.000000,1211.000000,10.000000
79.000000,72.000000,22.000000,2535.000000,19.000000,10.000000
104.000000,32.000000,18.000000,2056.000000,1816.000000,10.000000
8.000000,87.000000,17.000000,990.000000,750.000000,10.000000
109.000000,139.000000,8.000000,2143.000000,1903.000000,10.000000
80.000000,103.000000,15.000000,1107.000000,867.000000,10.000000
78.000000,63.000000,19.000000,2525.000000,2285.000000,10.000000
95.000000,135.000000,27.000000,993.000000,753.000000,10.000000
37.000000,79.000000,5.000000,2535.000000,44.000000,10.000000
64.000000,132.000000,8.000000,2365.000000,2125.000000,10.000000
133.000000,130.000000,13.000000,2535.000000,97.000000,10.000000
39.000000,13.000000,20.000000,1092.000000,852.000000,10.000000
120.000000,14.000000,20.000000,1561.000000,1321.000000,10.000000
10.000000,86.000000,14.000000,2535.000000,72.000000,10.000000
140.000000,42.000000,13.000000,2193.000000,1953.000000,10.000000
121.000000,124.000000,21.000000,1996.000000,1756.000000,10.000000
42.000000,29.000000,12.000000,2355.000000,2115.000000,10.000000
44.000000,58.000000,30.000000,2507.000000,2267.000000,10.000000
32.000000,6.000000,11.000000,2215.000000,1975.000000,10.000000
41.000000,36.000000,13.000000,2389.000000,2149.000000,10.000000
106.000000,10.000000,13.000000,1400.000000,1160.000000,10.000000
107.000000,102.000000,12.000000,2535.000000,58.000000,10.000000
83.000000,38.000000,22.000000,689.000000,449.000000,10.000000
132.000000,133.000000,24.000000,2036.000000,1796.000000,10.000000
81.000000,57.000000,8.000000,2518.000000,2278.000000,10.000000
120.000000,52.000000,20.000000,1098.000000,858.000000,10.000000
113.000000,32.000000,36.000000,2019.000000,1779.000000,10.000000
137.000000,101.000000,12.000000,1918.000000,1678.000000,10.000000
82.000000,103.000000,15.000000,2535.000000,45.000000,10.000000
10.000000,111.000000,21.000000,624.000000,384.000000,10.000000
90.000000,44.000000,6.000000,2386.000000,2146.000000,10.000000
139.000000,73.000000,10.000000,2247.000000,2007.000000,10.000000
89.000000,24.000000,15.000000,1391.000000,1151.000000,10.000000
64.000000,138.000000,15.000000,2535.000000,78.000000,10.000000
98.000000,4.000000,20.000000,2535.000000,81.000000,10.000000
61.000000,34.000000,7.000000,705.000000,465.000000,10.000000
60.000000,84.000000,23.000000,669.000000,429.000000,10.000000
13.000000,48.000000,15.000000,913.000000,673.000000,10.000000
84.000000,88.000000,16.000000,1170.000000,930.000000,10.000000
86.000000,40.000000,22.000000,2535.000000,44.000000,10.000000
69.000000,115.000000,20.000000,2535.000000,55.000000,10.000000
59.000000,115.000000,26.000000,1340.000000,1100.000000,10.000000
105.000000,2.000000,1.000000,2535.000000,86.000000,10.000000
107.000000,77.000000,34.000000,2535.000000,47.000000,10.000000
104.000000,54.000000,13.000000,2385.000000,2145.000000,10.000000
54.000000,33.000000,20.000000,2494.000000,2254.000000,10.000000
32.000000,52.000000,32.000000,1991.000000,1751.000000,10.000000
37.000000,125.000000,10.000000,2535.000000,74.000000,10.000000
99.000000,34.000000,9.000000,2292.000000,2052.000000,10.000000
38.000000,122.000000,13.000000,1659.000000,1419.000000,10.000000
85.000000,75.000000,37.000000,2535.000000,25.000000,10.000000
109.000000,131.000000,16.000000,1690.000000,1450.000000,10.000000
103.000000,77.000000,17.000000,1433.000000,1193.000000,10.000000
47.000000,83.000000,1.000000,1324.000000,1084.000000,10.000000
139.000000,68.000000,25.000000,2282.000000,2042.000000,10.000000
88.000000,29.000000,33.000000,2535.000000,54.000000,10.000000
39.000000,100.000000,31.000000,2535.000000,53.000000,10.000000
48.000000,47.000000,19.000000,2504.000000,2264.000000,10.000000
104.000000,73.000000,17.000000,2535.000000,44.000000,10.000000
9.000000,19.000000,10.000000,1104.000000,864.000000,10.000000
103.000000,44.000000,12.000000,2487.000000,2247.000000,10.000000
73.000000,96.000000,9.000000,1931.000000,1691.000000,10.000000
44.000000,116.000000,27.000000,2535.000000,62.000000,10.000000
71.000000,70.000000,9.000000,674.000000,434.000000,10.000000
83.000000,12.000000,29.000000,1674.000000,1434.000000,10.000000
36.000000,54.000000,15.000000,1107.000000,867.000000,10.000000
16.000000,92.000000,10.000000,2535.000000,68.000000,10.000000
56.000000,139.000000,18.000000,1356.000000,1116.000000,10.000000
27.000000,104.000000,1.000000,586.000000,346.000000,10.000000
67.000000,96.000000,26.000000,627.000000,387.000000,10.000000
34.000000,72.000000,21.000000,2535.000000,46.000000,10.000000
120.000000,22.000000,39.000000,2139.000000,1899.000000,10.000000
54.000000,106.000000,9.000000,1418.000000,1178.000000,10.000000
63.000000,129.000000,7.000000,1770.000000,1530.000000,10.000000
33.000000,117.000000,20.000000,2219.000000,1979.000000,10.000000
102.000000,52.000000,15.000000,2535.000000,46.000000,10.000000
13.000000,129.000000,25.000000,1190.000000,950.000000,10.000000
34.000000,20.000000,15.000000,1993.000000,1753.000000,10.000000
114.000000,109.000000,16.000000,2286.000000,2046.000000,10.000000
86.000000,80.000000,21.000000,1097.000000,857.000000,10.000000
33.000000,0.000000,20.000000,665.000000,425.000000,10.000000
18.000000,104.000000,18.000000,1248.000000,1008.000000,10.000000
70.000000,83.000000,23.000000,2535.000000,23.000000,10.000000
12.000000,48.000000,4.000000,2363.000000,2123.000000,10.000000
139.000000,72.000000,23.000000,1247.000000,1007.000000,10.000000
109.000000,78.000000,21.000000,1644.000000,1404.000000,10.000000
116.000000,22.000000,32.000000,2044.000000,1804.000000,10.000000
27.000000,46.000000,35.000000,2535.000000,59.000000,10.000000
19.000000,120.000000,16.000000,2535.000000,81.000000,10.000000
23.000000,39.000000,20.000000,1188.000000,948.000000,10.000000
110.000000,99.000000,21.000000,1384.000000,1144.000000,10.000000
15.000000,18.000000,10.000000,995.000000,755.000000,10.000000
18.000000,70.000000,26.000000,1031.000000,791.000000,10.000000
16.000000,62.000000,15.000000,1011.000000,771.000000,10.000000
61.000000,57.000000,35.000000,1096.000000,856.000000,10.000000
123.000000,84.000000,13.000000,929.000000,689.000000,10.000000
37.000000,73.000000,33.000000,2535.000000,43.000000,10.000000
115.000000,124.000000,11.000000,2535.000000,80.000000,10.000000
93.000000,61.000000,10.000000,2535.000000,34.000000,10.000000
89.000000,39.000000,23.000000,2499.000000,2259.000000,10.000000
65.000000,0.000000,20.000000,2298.000000,2058.000000,10.000000
108.000000,30.000000,18.000000,2212.000000,1972.000000,10.000000
120.000000,60.000000,18.000000,2379.000000,2139.000000,10.000000
92.000000,22.000000,18.000000,1835.000000,1595.000000,10.000000
2.000000,106.000000,16.000000,1048.000000,808.000000,10.000000
117.000000,92.000000,25.000000,1463.000000,1223.000000,10.000000
26.000000,130.000000,20.000000,1525.000000,1285.000000,10.000000
85.000000,111.000000,25.000000,1583.000000,1343.000000,10.000000
113.000000,45.000000,4.000000,2535.000000,59.000000,10.000000
40.000000,113.000000,23.000000,2535.000000,62.000000,10.000000
138.000000,105.000000,24.000000,981.000000,741.000000,10.000000
116.000000,105.000000,23.000000,2535.000000,67.000000,10.000000
110.000000,28.000000,20.000000,2535.000000,68.000000,10.000000
12.000000,138.000000,14.000000,1497.000000,1257.000000,10.000000
66.000000,40.000000,20.000000,2505.000000,2265.000000,10.000000
140.000000,36.000000,1.000000,2535.000000,87.000000,10.000000
50.000000,112.000000,18.000000,1668.000000,1428.000000,10.000000
23.000000,19.000000,16.000000,1909.000000,1669.000000,10.000000
4.000000,71.000000,19.000000,1953.000000,1713.000000,10.000000
92.000000,138.000000,12.000000,2535.000000,81.000000,10.000000
69.000000,6.000000,8.000000,2263.000000,2023.000000,10.000000
100.000000,99.000000,17.000000,1399.000000,1159.000000,10.000000
116.000000,13.000000,5.000000,2362.000000,2122.000000,10.000000
112.000000,13.000000,27.000000,2535.000000,80.000000,10.000000
49.000000,140.000000,3.000000,1659.000000,1419.000000,10.000000
36.000000,124.000000,34.000000,1660.000000,1420.000000,10.000000
120.000000,47.000000,18.000000,2435.000000,2195.000000,10.000000
60.000000,54.000000,3.000000,2535.000000,28.000000,10.000000
115.000000,82.000000,30.000000,1525.000000,1285.000000,10.000000
139.000000,110.000000,19.000000,1829.000000,1589.000000,10.000000
126.000000,23.000000,13.000000,2535.000000,83.000000,10.000000
58.000000,80.000000,18.000000,757.000000,517.000000,10.000000
30.000000,21.000000,12.000000,2535.000000,73.000000,10.000000
64.000000,115.000000,15.000000,2055.000000,1815.000000,10.000000
82.000000,100.000000,18.000000,2178.000000,1938.000000,10.000000
113.000000,35.000000,9.000000,2393.000000,2153.000000,10.000000
35.000000,90.000000,20.000000,812.000000,572.000000,10.000000
58.000000,95.000000,35.000000,2535.000000,37.000000,10.000000
117.000000,4.000000,9.000000,921.000000,681.000000,10.000000
97.000000,115.000000,25.000000,1122.000000,882.000000,10.000000
56.000000,129.000000,21.000000,2535.000000,70.000000,10.000000
54.000000,41.000000,9.000000,1470.000000,1230.000000,10.000000
136.000000,123.000000,31.000000,1321.000000,1081.000000,10.000000
129.000000,24.000000,18.000000,1255.000000,1015.000000,10.000000
46.000000,133.000000,7.000000,2293.000000,2053.000000,10.000000
58.000000,11.000000,9.000000,2087.000000,1847.000000,10.000000
54.000000,78.000000,11.000000,396.000000,156.000000,10.000000
65.000000,80.000000,20.000000,2524.000000,2284.000000,10.000000
28.000000,62.000000,23.000000,1811.000000,1571.000000,10.000000
55.000000,127.000000,17.000000,2535.000000,68.000000,10.000000
137.000000,84.000000,41.000000,2177.000000,1937.000000,10.000000
79.000000,80.000000,4.000000,2535.000000,23.000000,10.000000
51.000000,92.000000,9.000000,804.000000,564.000000,10.000000
12.000000,84.000000,16.000000,1800.000000,1560.000000,10.000000
66.000000,82.000000,27.000000,2535.000000,22.000000,10.000000
97.000000,12.000000,10.000000,1770.000000,1530.000000,10.000000
67.000000,120.000000,5.000000,1160.000000,920.000000,10.000000
55.000000,102.000000,4.000000,1337.000000,1097.000000,10.000000
90.000000,14.000000,31.000000,739.000000,499.000000,10.000000
20.000000,106.000000,24.000000,1494.000000,1254.000000,10.000000
15.000000,4.000000,23.000000,2192.000000,1952.000000,10.000000
138.000000,78.000000,43.000000,1786.000000,1546.000000,10.000000
60.000000,23.000000,16.000000,2380.000000,2140.000000,10.000000
29.000000,94.000000,1.000000,2535.000000,57.000000,10.000000
70.000000,94.000000,32.000000,2535.000000,34.000000,10.000000
4.000000,44.000000,24.000000,933.000000,693.000000,10.000000
66.000000,91.000000,16.000000,2535.000000,31.000000,10.000000
119.000000,73.000000,15.000000,2127.000000,1887.000000,10.000000
135.000000,65.000000,3.000000,1240.000000,1000.000000,10.000000
103.000000,82.000000,27.000000,2535.000000,45.000000,10.000000
104.000000,139.000000,29.000000,1253.000000,1013.000000,10.000000
15.000000,9.000000,2.000000,954.000000,714.000000,10.000000
5.000000,99.000000,24.000000,2535.000000,81.000000,10.000000
36.000000,38.000000,5.000000,2535.000000,56.000000,10.000000
125.000000,68.000000,20.000000,1827.000000,1587.000000,10.000000
44.000000,36.000000,9.000000,2404.000000,2164.000000,10.000000
137.000000,127.000000,28.000000,2535.000000,97.000000,10.000000
120.000000,102.000000,18.000000,2209.000000,1969.000000,10.000000
138.000000,24.000000,12.000000,1877.000000,1637.000000,10.000000
103.000000,86.000000,19.000000,1564.000000,1324.000000,10.000000
137.000000,96.000000,9.000000,2368.000000,2128.000000,10.000000
8.000000,138.000000,10.000000,1430.000000,1190.000000,10.000000
81.000000,36.000000,17.000000,2345.000000,2105.000000,10.000000
116.000000,83.000000,30.000000,1877.000000,1637.000000,10.000000
