70.000000,70.000000,200.000000,1351.000000,0.000000,100.000000
33.000000,78.000000,20.000000,601.000000,542.000000,90.000000
59.000000,52.000000,20.000000,1351.000000,111.000000,90.000000
10.000000,137.000000,30.000000,1351.000000,179.000000,90.000000
4.000000,28.000000,10.000000,1351.000000,168.000000,90.000000
25.000000,26.000000,20.000000,1223.000000,1172.000000,90.000000
86.000000,37.000000,10.000000,873.000000,820.000000,90.000000
1.000000,109.000000,10.000000,1351.000000,169.000000,90.000000
6.000000,135.000000,40.000000,1000.000000,965.000000,90.000000
32.000000,79.000000,20.000000,696.000000,630.000000,90.000000
24.000000,26.000000,20.000000,1351.000000,153.000000,90.000000
86.000000,36.000000,20.000000,1351.000000,127.000000,90.000000
95.000000,35.000000,10.000000,1351.000000,133.000000,90.000000
63.000000,50.000000,10.000000,1351.000000,111.000000,90.000000
100.000000,106.000000,10.000000,1351.000000,136.000000,90.000000
99.000000,112.000000,20.000000,1351.000000,141.000000,90.000000
36.000000,135.000000,10.000000,753.000000,682.000000,90.000000
57.000000,59.000000,10.000000,1351.000000,107.000000,90.000000
8.000000,124.000000,10.000000,1351.000000,172.000000,90.000000
85.000000,106.000000,20.000000,1351.000000,129.000000,90.000000
103.000000,69.000000,30.000000,1351.000000,123.000000,90.000000
109.000000,131.000000,20.000000,1351.000000,162.000000,90.000000
43.000000,140.000000,10.000000,1351.000000,165.000000,90.000000
115.000000,134.000000,30.000000,1211.000000,1152.000000,90.000000
98.000000,70.000000,10.000000,884.000000,840.000000,90.000000
112.000000,67.000000,10.000000,889.000000,817.000000,90.000000
102.000000,104.000000,20.000000,1351.000000,136.000000,90.000000
93.000000,75.000000,30.000000,1351.000000,113.000000,90.000000
90.000000,104.000000,20.000000,1351.000000,129.000000,90.000000
127.000000,108.000000,10.000000,1351.000000,158.000000,90.000000
84.000000,99.000000,20.000000,1351.000000,122.000000,90.000000
113.000000,69.000000,20.000000,981.000000,911.000000,90.000000
129.000000,9.000000,10.000000,1267.000000,1204.000000,90.000000
18.000000,38.000000,30.000000,1351.000000,151.000000,90.000000
30.000000,27.000000,10.000000,1351.000000,148.000000,90.000000
25.000000,80.000000,20.000000,971.000000,911.000000,90.000000
17.000000,37.000000,30.000000,1351.000000,152.000000,90.000000
32.000000,106.000000,10.000000,1351.000000,142.000000,90.000000
43.000000,135.000000,10.000000,1351.000000,160.000000,90.000000
61.000000,59.000000,20.000000,1351.000000,104.000000,90.000000
104.000000,106.000000,20.000000,1351.000000,139.000000,90.000000
109.000000,71.000000,20.000000,1351.000000,129.000000,90.000000
121.000000,110.000000,30.000000,1351.000000,154.000000,90.000000
61.000000,48.000000,20.000000,903.000000,834.000000,90.000000
74.000000,99.000000,20.000000,1351.000000,119.000000,90.000000
89.000000,73.000000,10.000000,1332.000000,1257.000000,90.000000
21.000000,25.000000,20.000000,1351.000000,156.000000,90.000000
99.000000,28.000000,30.000000,1351.000000,141.000000,90.000000
101.000000,96.000000,10.000000,1351.000000,130.000000,90.000000
9.000000,114.000000,20.000000,1351.000000,165.000000,90.000000
121.000000,112.000000,20.000000,1130.000000,1074.000000,90.000000
137.000000,6.000000,10.000000,1351.000000,182.000000,90.000000
118.000000,131.000000,20.000000,569.000000,494.000000,90.000000
34.000000,82.000000,10.000000,1351.000000,127.000000,90.000000
4.000000,125.000000,30.000000,1351.000000,175.000000,90.000000
26.000000,105.000000,40.000000,1351.000000,146.000000,90.000000
35.000000,123.000000,20.000000,221.000000,153.000000,90.000000
21.000000,48.000000,10.000000,1351.000000,143.000000,90.000000
21.000000,115.000000,10.000000,1045.000000,975.000000,90.000000
99.000000,108.000000,20.000000,1351.000000,137.000000,90.000000
1.000000,34.000000,20.000000,1351.000000,167.000000,90.000000
94.000000,70.000000,20.000000,795.000000,741.000000,90.000000
74.000000,93.000000,20.000000,1328.000000,1285.000000,90.000000
32.000000,128.000000,20.000000,1351.000000,159.000000,90.000000
94.000000,73.000000,10.000000,1351.000000,114.000000,90.000000
135.000000,3.000000,20.000000,1351.000000,183.000000,90.000000
97.000000,28.000000,20.000000,1351.000000,139.000000,90.000000
59.000000,56.000000,20.000000,1351.000000,107.000000,90.000000
80.000000,97.000000,10.000000,1351.000000,118.000000,90.000000
134.000000,31.000000,20.000000,1351.000000,164.000000,90.000000
103.000000,34.000000,30.000000,1351.000000,138.000000,90.000000
30.000000,79.000000,20.000000,1351.000000,131.000000,90.000000
4.000000,30.000000,40.000000,1351.000000,167.000000,90.000000
87.000000,39.000000,20.000000,1351.000000,125.000000,90.000000
90.000000,101.000000,10.000000,1351.000000,126.000000,90.000000
119.000000,136.000000,30.000000,1351.000000,172.000000,90.000000
78.000000,92.000000,30.000000,1351.000000,113.000000,90.000000
110.000000,66.000000,10.000000,1351.000000,130.000000,90.000000
62.000000,58.000000,20.000000,1351.000000,104.000000,90.000000
127.000000,112.000000,20.000000,756.000000,715.000000,90.000000
113.000000,71.000000,10.000000,1351.000000,133.000000,90.000000
34.000000,104.000000,10.000000,1351.000000,139.000000,90.000000
2.000000,28.000000,10.000000,1351.000000,169.000000,90.000000
17.000000,43.000000,10.000000,1351.000000,149.000000,90.000000
1.000000,24.000000,10.000000,1351.000000,172.000000,90.000000
112.000000,71.000000,20.000000,1351.000000,132.000000,90.000000
135.000000,0.000000,10.000000,1351.000000,185.000000,90.000000
125.000000,108.000000,20.000000,1351.000000,156.000000,90.000000
8.000000,138.000000,30.000000,1351.000000,182.000000,90.000000
103.000000,111.000000,20.000000,1351.000000,142.000000,90.000000
57.000000,53.000000,10.000000,1351.000000,111.000000,90.000000
98.000000,31.000000,20.000000,1351.000000,138.000000,90.000000
116.000000,132.000000,10.000000,1351.000000,167.000000,90.000000
28.000000,99.000000,10.000000,1300.000000,1258.000000,90.000000
137.000000,3.000000,20.000000,1351.000000,184.000000,90.000000
29.000000,28.000000,10.000000,486.000000,426.000000,90.000000
94.000000,105.000000,10.000000,1351.000000,132.000000,90.000000
92.000000,107.000000,30.000000,1351.000000,133.000000,90.000000
10.000000,134.000000,10.000000,1351.000000,177.000000,90.000000
34.000000,79.000000,10.000000,510.000000,449.000000,90.000000
94.000000,72.000000,20.000000,704.000000,648.000000,90.000000
35.000000,76.000000,10.000000,1351.000000,125.000000,90.000000
76.000000,99.000000,20.000000,1351.000000,119.000000,90.000000
127.000000,28.000000,30.000000,1351.000000,160.000000,90.000000
8.000000,119.000000,20.000000,1351.000000,169.000000,90.000000
102.000000,110.000000,10.000000,1351.000000,141.000000,90.000000
24.000000,24.000000,10.000000,1351.000000,155.000000,90.000000
64.000000,61.000000,20.000000,1351.000000,100.000000,90.000000
22.000000,38.000000,20.000000,1351.000000,147.000000,90.000000
88.000000,72.000000,30.000000,1351.000000,108.000000,90.000000
107.000000,63.000000,30.000000,603.000000,551.000000,90.000000
33.000000,131.000000,30.000000,1351.000000,161.000000,90.000000
123.000000,112.000000,20.000000,1351.000000,157.000000,90.000000
67.000000,55.000000,10.000000,1336.000000,1289.000000,90.000000
39.000000,128.000000,10.000000,1351.000000,155.000000,90.000000
136.000000,0.000000,30.000000,1351.000000,186.000000,90.000000
93.000000,36.000000,20.000000,1351.000000,131.000000,90.000000
7.000000,115.000000,10.000000,1351.000000,167.000000,90.000000
21.000000,44.000000,20.000000,1351.000000,145.000000,90.000000
28.000000,74.000000,20.000000,1351.000000,132.000000,90.000000
86.000000,102.000000,10.000000,1351.000000,125.000000,90.000000
19.000000,37.000000,20.000000,686.000000,613.000000,90.000000
84.000000,36.000000,10.000000,783.000000,725.000000,90.000000
118.000000,108.000000,10.000000,379.000000,343.000000,90.000000
132.000000,24.000000,10.000000,1351.000000,167.000000,90.000000
6.000000,25.000000,10.000000,835.000000,777.000000,90.000000
28.000000,78.000000,10.000000,1351.000000,132.000000,90.000000
2.000000,132.000000,10.000000,1351.000000,182.000000,90.000000
22.000000,22.000000,10.000000,1351.000000,157.000000,90.000000
88.000000,35.000000,20.000000,1066.000000,993.000000,90.000000
94.000000,104.000000,10.000000,1351.000000,131.000000,90.000000
74.000000,96.000000,30.000000,1351.000000,116.000000,90.000000
0.000000,117.000000,30.000000,836.000000,766.000000,90.000000
99.000000,96.000000,10.000000,1351.000000,128.000000,90.000000
119.000000,114.000000,20.000000,1351.000000,155.000000,90.000000
28.000000,107.000000,20.000000,1351.000000,145.000000,90.000000
133.000000,12.000000,10.000000,554.000000,477.000000,90.000000
35.000000,102.000000,10.000000,1351.000000,137.000000,90.000000
36.000000,105.000000,20.000000,1351.000000,138.000000,90.000000
84.000000,39.000000,20.000000,1351.000000,124.000000,90.000000
34.000000,138.000000,20.000000,1351.000000,166.000000,90.000000
136.000000,29.000000,10.000000,1351.000000,167.000000,90.000000
33.000000,133.000000,20.000000,461.000000,410.000000,90.000000
16.000000,39.000000,20.000000,1037.000000,993.000000,90.000000
32.000000,77.000000,20.000000,1351.000000,128.000000,90.000000
122.000000,131.000000,20.000000,1351.000000,170.000000,90.000000
77.000000,100.000000,20.000000,1351.000000,120.000000,90.000000
96.000000,26.000000,10.000000,1351.000000,141.000000,90.000000
127.000000,29.000000,20.000000,1281.000000,1210.000000,90.000000
91.000000,95.000000,20.000000,1351.000000,122.000000,90.000000
42.000000,136.000000,10.000000,1351.000000,161.000000,90.000000
36.000000,132.000000,10.000000,842.000000,780.000000,90.000000
103.000000,106.000000,30.000000,1351.000000,138.000000,90.000000
107.000000,105.000000,10.000000,879.000000,812.000000,90.000000
96.000000,74.000000,10.000000,1351.000000,116.000000,90.000000
63.000000,57.000000,10.000000,1351.000000,104.000000,90.000000
122.000000,113.000000,20.000000,1351.000000,157.000000,90.000000
14.000000,131.000000,10.000000,1351.000000,172.000000,90.000000
30.000000,31.000000,20.000000,391.000000,335.000000,90.000000
40.000000,132.000000,20.000000,1214.000000,1169.000000,90.000000
99.000000,26.000000,40.000000,1064.000000,988.000000,90.000000
10.000000,118.000000,10.000000,1351.000000,166.000000,90.000000
102.000000,60.000000,30.000000,511.000000,451.000000,90.000000
120.000000,136.000000,10.000000,1351.000000,172.000000,90.000000
97.000000,29.000000,30.000000,1351.000000,139.000000,90.000000
19.000000,39.000000,10.000000,587.000000,528.000000,90.000000
27.000000,77.000000,10.000000,1351.000000,133.000000,90.000000
30.000000,24.000000,20.000000,1351.000000,150.000000,90.000000
126.000000,112.000000,10.000000,1351.000000,160.000000,90.000000
105.000000,110.000000,20.000000,1351.000000,143.000000,90.000000
118.000000,114.000000,10.000000,1351.000000,155.000000,90.000000
135.000000,6.000000,30.000000,1351.000000,181.000000,90.000000
111.000000,66.000000,20.000000,1351.000000,131.000000,90.000000
95.000000,77.000000,10.000000,1351.000000,115.000000,90.000000
139.000000,10.000000,30.000000,1351.000000,181.000000,90.000000
61.000000,54.000000,10.000000,1351.000000,108.000000,90.000000
16.000000,38.000000,20.000000,1351.000000,152.000000,90.000000
16.000000,138.000000,10.000000,1265.000000,1209.000000,90.000000
91.000000,78.000000,10.000000,1351.000000,112.000000,90.000000
91.000000,71.000000,20.000000,1351.000000,111.000000,90.000000
0.000000,27.000000,30.000000,1110.000000,1059.000000,90.000000
6.000000,113.000000,20.000000,1351.000000,167.000000,90.000000
119.000000,139.000000,20.000000,1117.000000,1053.000000,90.000000
35.000000,99.000000,20.000000,1351.000000,135.000000,90.000000
31.000000,112.000000,20.000000,950.000000,870.000000,90.000000
5.000000,119.000000,20.000000,1351.000000,171.000000,90.000000
3.000000,135.000000,20.000000,1351.000000,183.000000,90.000000
30.000000,136.000000,10.000000,1351.000000,167.000000,90.000000
20.000000,39.000000,10.000000,1351.000000,148.000000,90.000000
131.000000,11.000000,10.000000,1351.000000,174.000000,90.000000
28.000000,33.000000,20.000000,1351.000000,145.000000,90.000000
4.000000,23.000000,10.000000,1351.000000,171.000000,90.000000
87.000000,108.000000,20.000000,1351.000000,131.000000,90.000000
21.000000,26.000000,20.000000,1351.000000,155.000000,90.000000
121.000000,134.000000,20.000000,834.000000,784.000000,90.000000
119.000000,130.000000,20.000000,1351.000000,167.000000,90.000000
91.000000,108.000000,10.000000,1351.000000,133.000000,90.000000
130.000000,27.000000,30.000000,1351.000000,163.000000,90.000000
101.000000,107.000000,10.000000,313.000000,261.000000,90.000000
34.000000,108.000000,10.000000,1351.000000,142.000000,90.000000
131.000000,31.000000,20.000000,1351.000000,162.000000,90.000000
