70.000000,70.000000,20.000000,1351.000000,0.000000,100.000000
33.000000,78.000000,2.000000,679.000000,463.000000,90.000000
59.000000,52.000000,2.000000,899.000000,649.000000,90.000000
10.000000,137.000000,3.000000,1262.000000,1050.000000,90.000000
4.000000,28.000000,1.000000,842.000000,582.000000,90.000000
25.000000,26.000000,2.000000,1289.000000,1097.000000,90.000000
86.000000,37.000000,1.000000,978.000000,715.000000,90.000000
1.000000,109.000000,1.000000,794.000000,612.000000,90.000000
6.000000,135.000000,4.000000,1102.000000,863.000000,90.000000
32.000000,79.000000,2.000000,789.000000,537.000000,90.000000
24.000000,26.000000,2.000000,1229.000000,984.000000,90.000000
86.000000,36.000000,2.000000,1089.000000,786.000000,90.000000
95.000000,35.000000,1.000000,1272.000000,982.000000,90.000000
63.000000,50.000000,1.000000,1066.000000,857.000000,90.000000
100.000000,106.000000,1.000000,871.000000,638.000000,90.000000
99.000000,112.000000,2.000000,585.000000,360.000000,90.000000
36.000000,135.000000,1.000000,845.000000,591.000000,90.000000
57.000000,59.000000,1.000000,617.000000,371.000000,90.000000
8.000000,124.000000,1.000000,1187.000000,987.000000,90.000000
85.000000,106.000000,2.000000,1276.000000,987.000000,90.000000
103.000000,69.000000,3.000000,1318.000000,1134.000000,90.000000
109.000000,131.000000,2.000000,1279.000000,1039.000000,90.000000
43.000000,140.000000,1.000000,1017.000000,805.000000,90.000000
115.000000,134.000000,3.000000,1273.000000,1088.000000,90.000000
98.000000,70.000000,1.000000,965.000000,760.000000,90.000000
112.000000,67.000000,1.000000,965.000000,742.000000,90.000000
102.000000,104.000000,2.000000,1240.000000,1004.000000,90.000000
93.000000,75.000000,3.000000,1270.000000,1016.000000,90.000000
90.000000,104.000000,2.000000,612.000000,336.000000,90.000000
127.000000,108.000000,1.000000,754.000000,529.000000,90.000000
84.000000,99.000000,2.000000,1319.000000,1064.000000,90.000000
113.000000,69.000000,2.000000,1065.000000,826.000000,90.000000
129.000000,9.000000,1.000000,1267.000000,966.000000,90.000000
18.000000,38.000000,3.000000,851.000000,631.000000,90.000000
30.000000,27.000000,1.000000,642.000000,452.000000,90.000000
25.000000,80.000000,2.000000,1062.000000,820.000000,90.000000
17.000000,37.000000,3.000000,934.000000,732.000000,90.000000
32.000000,106.000000,1.000000,850.000000,593.000000,90.000000
43.000000,135.000000,1.000000,1165.000000,1029.000000,90.000000
61.000000,59.000000,2.000000,519.000000,281.000000,90.000000
104.000000,106.000000,2.000000,1054.000000,824.000000,90.000000
109.000000,71.000000,2.000000,1312.000000,1066.000000,90.000000
121.000000,110.000000,3.000000,600.000000,309.000000,90.000000
61.000000,48.000000,2.000000,1003.000000,734.000000,90.000000
74.000000,99.000000,2.000000,1255.000000,1028.000000,90.000000
89.000000,73.000000,1.000000,1332.000000,1154.000000,90.000000
21.000000,25.000000,2.000000,1008.000000,837.000000,90.000000
99.000000,28.000000,3.000000,1063.000000,804.000000,90.000000
101.000000,96.000000,1.000000,1311.000000,1050.000000,90.000000
9.000000,114.000000,2.000000,528.000000,317.000000,90.000000
121.000000,112.000000,2.000000,1243.000000,962.000000,90.000000
137.000000,6.000000,1.000000,809.000000,603.000000,90.000000
118.000000,131.000000,2.000000,667.000000,397.000000,90.000000
34.000000,82.000000,1.000000,527.000000,246.000000,90.000000
4.000000,125.000000,3.000000,1112.000000,873.000000,90.000000
26.000000,105.000000,4.000000,1295.000000,1038.000000,90.000000
35.000000,123.000000,2.000000,378.000000,153.000000,90.000000
21.000000,48.000000,1.000000,1298.000000,1039.000000,90.000000
21.000000,115.000000,1.000000,1138.000000,882.000000,90.000000
99.000000,108.000000,2.000000,525.000000,233.000000,90.000000
1.000000,34.000000,2.000000,1274.000000,1034.000000,90.000000
94.000000,70.000000,2.000000,903.000000,633.000000,90.000000
74.000000,93.000000,2.000000,1328.000000,1105.000000,90.000000
32.000000,128.000000,2.000000,423.000000,159.000000,90.000000
94.000000,73.000000,1.000000,693.000000,477.000000,90.000000
135.000000,3.000000,2.000000,1166.000000,987.000000,90.000000
97.000000,28.000000,2.000000,1302.000000,951.000000,90.000000
59.000000,56.000000,2.000000,711.000000,466.000000,90.000000
80.000000,97.000000,1.000000,1014.000000,714.000000,90.000000
134.000000,31.000000,2.000000,930.000000,697.000000,90.000000
103.000000,34.000000,3.000000,868.000000,622.000000,90.000000
30.000000,79.000000,2.000000,890.000000,619.000000,90.000000
4.000000,30.000000,4.000000,763.000000,478.000000,90.000000
87.000000,39.000000,2.000000,1316.000000,1096.000000,90.000000
90.000000,101.000000,1.000000,491.000000,271.000000,90.000000
119.000000,136.000000,3.000000,1101.000000,884.000000,90.000000
78.000000,92.000000,3.000000,863.000000,674.000000,90.000000
110.000000,66.000000,1.000000,794.000000,548.000000,90.000000
62.000000,58.000000,2.000000,1298.000000,1001.000000,90.000000
127.000000,112.000000,2.000000,874.000000,596.000000,90.000000
113.000000,71.000000,1.000000,1166.000000,909.000000,90.000000
34.000000,104.000000,1.000000,792.000000,466.000000,90.000000
2.000000,28.000000,1.000000,1272.000000,952.000000,90.000000
17.000000,43.000000,1.000000,1258.000000,960.000000,90.000000
1.000000,24.000000,1.000000,1104.000000,880.000000,90.000000
112.000000,71.000000,2.000000,1252.000000,1005.000000,90.000000
135.000000,0.000000,1.000000,1102.000000,864.000000,90.000000
125.000000,108.000000,2.000000,677.000000,422.000000,90.000000
8.000000,138.000000,3.000000,1186.000000,966.000000,90.000000
103.000000,111.000000,2.000000,770.000000,546.000000,90.000000
57.000000,53.000000,1.000000,805.000000,558.000000,90.000000
98.000000,31.000000,2.000000,1002.000000,680.000000,90.000000
116.000000,132.000000,1.000000,546.000000,333.000000,90.000000
28.000000,99.000000,1.000000,1300.000000,1081.000000,90.000000
137.000000,3.000000,2.000000,926.000000,672.000000,90.000000
29.000000,28.000000,1.000000,580.000000,332.000000,90.000000
94.000000,105.000000,1.000000,773.000000,545.000000,90.000000
92.000000,107.000000,3.000000,955.000000,750.000000,90.000000
10.000000,134.000000,1.000000,803.000000,593.000000,90.000000
34.000000,79.000000,1.000000,606.000000,354.000000,90.000000
94.000000,72.000000,2.000000,792.000000,561.000000,90.000000
35.000000,76.000000,1.000000,1316.000000,1093.000000,90.000000
76.000000,99.000000,2.000000,1170.000000,930.000000,90.000000
127.000000,28.000000,3.000000,1281.000000,1067.000000,90.000000
8.000000,119.000000,2.000000,1272.000000,945.000000,90.000000
102.000000,110.000000,1.000000,676.000000,457.000000,90.000000
24.000000,24.000000,1.000000,859.000000,613.000000,90.000000
64.000000,61.000000,2.000000,419.000000,194.000000,90.000000
22.000000,38.000000,2.000000,485.000000,265.000000,90.000000
88.000000,72.000000,3.000000,534.000000,263.000000,90.000000
107.000000,63.000000,3.000000,701.000000,453.000000,90.000000
33.000000,131.000000,3.000000,466.000000,220.000000,90.000000
123.000000,112.000000,2.000000,1020.000000,819.000000,90.000000
67.000000,55.000000,1.000000,1336.000000,1163.000000,90.000000
39.000000,128.000000,1.000000,1286.000000,1054.000000,90.000000
136.000000,0.000000,3.000000,1005.000000,780.000000,90.000000
93.000000,36.000000,2.000000,1310.000000,1094.000000,90.000000
7.000000,115.000000,1.000000,640.000000,390.000000,90.000000
21.000000,44.000000,2.000000,1296.000000,1017.000000,90.000000
28.000000,74.000000,2.000000,1244.000000,1010.000000,90.000000
86.000000,102.000000,1.000000,1316.000000,1118.000000,90.000000
19.000000,37.000000,2.000000,754.000000,546.000000,90.000000
84.000000,36.000000,1.000000,870.000000,638.000000,90.000000
118.000000,108.000000,1.000000,472.000000,251.000000,90.000000
132.000000,24.000000,1.000000,1118.000000,889.000000,90.000000
6.000000,25.000000,1.000000,916.000000,695.000000,90.000000
28.000000,78.000000,1.000000,952.000000,742.000000,90.000000
2.000000,132.000000,1.000000,917.000000,676.000000,90.000000
22.000000,22.000000,1.000000,953.000000,705.000000,90.000000
88.000000,35.000000,2.000000,1134.000000,925.000000,90.000000
94.000000,104.000000,1.000000,684.000000,451.000000,90.000000
74.000000,96.000000,3.000000,1325.000000,1094.000000,90.000000
0.000000,117.000000,3.000000,917.000000,685.000000,90.000000
99.000000,96.000000,1.000000,1313.000000,1104.000000,90.000000
119.000000,114.000000,2.000000,1286.000000,1043.000000,90.000000
28.000000,107.000000,2.000000,1255.000000,966.000000,90.000000
133.000000,12.000000,1.000000,651.000000,380.000000,90.000000
35.000000,102.000000,1.000000,565.000000,323.000000,90.000000
36.000000,105.000000,2.000000,688.000000,386.000000,90.000000
84.000000,39.000000,2.000000,740.000000,582.000000,90.000000
34.000000,138.000000,2.000000,760.000000,488.000000,90.000000
136.000000,29.000000,1.000000,1007.000000,806.000000,90.000000
33.000000,133.000000,2.000000,531.000000,339.000000,90.000000
16.000000,39.000000,2.000000,1152.000000,878.000000,90.000000
32.000000,77.000000,2.000000,1313.000000,1029.000000,90.000000
122.000000,131.000000,2.000000,873.000000,560.000000,90.000000
77.000000,100.000000,2.000000,1074.000000,843.000000,90.000000
96.000000,26.000000,1.000000,1258.000000,980.000000,90.000000
127.000000,29.000000,2.000000,1281.000000,1061.000000,90.000000
91.000000,95.000000,2.000000,437.000000,133.000000,90.000000
42.000000,136.000000,1.000000,1124.000000,886.000000,90.000000
36.000000,132.000000,1.000000,939.000000,682.000000,90.000000
103.000000,106.000000,3.000000,1147.000000,912.000000,90.000000
107.000000,105.000000,1.000000,996.000000,696.000000,90.000000
96.000000,74.000000,1.000000,1045.000000,869.000000,90.000000
63.000000,57.000000,1.000000,1337.000000,1079.000000,90.000000
122.000000,113.000000,2.000000,1115.000000,906.000000,90.000000
14.000000,131.000000,1.000000,723.000000,482.000000,90.000000
30.000000,31.000000,2.000000,462.000000,263.000000,90.000000
40.000000,132.000000,2.000000,1283.000000,1000.000000,90.000000
99.000000,26.000000,4.000000,1128.000000,923.000000,90.000000
10.000000,118.000000,1.000000,1275.000000,1069.000000,90.000000
102.000000,60.000000,3.000000,587.000000,374.000000,90.000000
120.000000,136.000000,1.000000,1000.000000,803.000000,90.000000
97.000000,29.000000,3.000000,1302.000000,996.000000,90.000000
19.000000,39.000000,1.000000,660.000000,455.000000,90.000000
27.000000,77.000000,1.000000,1174.000000,895.000000,90.000000
30.000000,24.000000,2.000000,756.000000,524.000000,90.000000
126.000000,112.000000,1.000000,961.000000,691.000000,90.000000
105.000000,110.000000,2.000000,849.000000,651.000000,90.000000
118.000000,114.000000,1.000000,1286.000000,1062.000000,90.000000
135.000000,6.000000,3.000000,1260.000000,1069.000000,90.000000
111.000000,66.000000,2.000000,912.000000,613.000000,90.000000
95.000000,77.000000,1.000000,1150.000000,950.000000,90.000000
139.000000,10.000000,3.000000,705.000000,519.000000,90.000000
61.000000,54.000000,1.000000,1183.000000,929.000000,90.000000
16.000000,38.000000,2.000000,1002.000000,846.000000,90.000000
16.000000,138.000000,1.000000,1265.000000,1026.000000,90.000000
91.000000,78.000000,1.000000,1329.000000,1103.000000,90.000000
91.000000,71.000000,2.000000,603.000000,381.000000,90.000000
0.000000,27.000000,3.000000,1196.000000,973.000000,90.000000
6.000000,113.000000,2.000000,771.000000,443.000000,90.000000
119.000000,139.000000,2.000000,1177.000000,994.000000,90.000000
35.000000,99.000000,2.000000,481.000000,221.000000,90.000000
31.000000,112.000000,2.000000,1000.000000,819.000000,90.000000
5.000000,119.000000,2.000000,1028.000000,766.000000,90.000000
3.000000,135.000000,2.000000,1024.000000,754.000000,90.000000
30.000000,136.000000,1.000000,635.000000,425.000000,90.000000
20.000000,39.000000,1.000000,590.000000,344.000000,90.000000
131.000000,11.000000,1.000000,533.000000,314.000000,90.000000
28.000000,33.000000,2.000000,1296.000000,1083.000000,90.000000
4.000000,23.000000,1.000000,1043.000000,755.000000,90.000000
87.000000,108.000000,2.000000,1159.000000,917.000000,90.000000
21.000000,26.000000,2.000000,1134.000000,893.000000,90.000000
121.000000,134.000000,2.000000,914.000000,704.000000,90.000000
119.000000,130.000000,2.000000,765.000000,480.000000,90.000000
91.000000,108.000000,1.000000,1080.000000,809.000000,90.000000
130.000000,27.000000,3.000000,1242.000000,951.000000,90.000000
101.000000,107.000000,1.000000,381.000000,193.000000,90.000000
34.000000,108.000000,1.000000,937.000000,693.000000,90.000000
131.000000,31.000000,2.000000,825.000000,617.000000,90.000000
