70.000000,70.000000,20.000000,1351.000000,0.000000,100.000000
33.000000,78.000000,2.000000,679.000000,464.000000,90.000000
59.000000,52.000000,2.000000,875.000000,673.000000,90.000000
10.000000,137.000000,3.000000,1241.000000,1095.000000,90.000000
4.000000,28.000000,1.000000,909.000000,515.000000,90.000000
25.000000,26.000000,2.000000,1270.000000,1125.000000,90.000000
86.000000,37.000000,1.000000,876.000000,816.000000,90.000000
1.000000,109.000000,1.000000,769.000000,637.000000,90.000000
6.000000,135.000000,4.000000,1055.000000,909.000000,90.000000
32.000000,79.000000,2.000000,691.000000,635.000000,90.000000
24.000000,26.000000,2.000000,1224.000000,988.000000,90.000000
86.000000,36.000000,2.000000,1052.000000,823.000000,90.000000
95.000000,35.000000,1.000000,1236.000000,1018.000000,90.000000
63.000000,50.000000,1.000000,1047.000000,876.000000,90.000000
100.000000,106.000000,1.000000,757.000000,752.000000,90.000000
99.000000,112.000000,2.000000,497.000000,449.000000,90.000000
36.000000,135.000000,1.000000,866.000000,569.000000,90.000000
57.000000,59.000000,1.000000,561.000000,427.000000,90.000000
8.000000,124.000000,1.000000,1151.000000,1023.000000,90.000000
85.000000,106.000000,2.000000,1186.000000,1077.000000,90.000000
103.000000,69.000000,3.000000,1318.000000,1060.000000,90.000000
109.000000,131.000000,2.000000,1279.000000,1244.000000,90.000000
43.000000,140.000000,1.000000,1018.000000,804.000000,90.000000
115.000000,134.000000,3.000000,1203.000000,1161.000000,90.000000
98.000000,70.000000,1.000000,943.000000,781.000000,90.000000
112.000000,67.000000,1.000000,907.000000,799.000000,90.000000
102.000000,104.000000,2.000000,1295.000000,949.000000,90.000000
93.000000,75.000000,3.000000,1313.000000,973.000000,90.000000
90.000000,104.000000,2.000000,541.000000,406.000000,90.000000
127.000000,108.000000,1.000000,726.000000,557.000000,90.000000
84.000000,99.000000,2.000000,1319.000000,1225.000000,90.000000
113.000000,69.000000,2.000000,1054.000000,837.000000,90.000000
129.000000,9.000000,1.000000,1267.000000,1128.000000,90.000000
18.000000,38.000000,3.000000,821.000000,662.000000,90.000000
30.000000,27.000000,1.000000,659.000000,435.000000,90.000000
25.000000,80.000000,2.000000,1013.000000,868.000000,90.000000
17.000000,37.000000,3.000000,876.000000,789.000000,90.000000
32.000000,106.000000,1.000000,832.000000,611.000000,90.000000
43.000000,135.000000,1.000000,1175.000000,1019.000000,90.000000
61.000000,59.000000,2.000000,475.000000,325.000000,90.000000
104.000000,106.000000,2.000000,1025.000000,852.000000,90.000000
109.000000,71.000000,2.000000,1268.000000,1176.000000,90.000000
121.000000,110.000000,3.000000,513.000000,396.000000,90.000000
61.000000,48.000000,2.000000,1053.000000,684.000000,90.000000
74.000000,99.000000,2.000000,1304.000000,980.000000,90.000000
89.000000,73.000000,1.000000,1332.000000,1230.000000,90.000000
21.000000,25.000000,2.000000,983.000000,861.000000,90.000000
99.000000,28.000000,3.000000,1024.000000,843.000000,90.000000
101.000000,96.000000,1.000000,1295.000000,1145.000000,90.000000
9.000000,114.000000,2.000000,462.000000,382.000000,90.000000
121.000000,112.000000,2.000000,1142.000000,1063.000000,90.000000
137.000000,6.000000,1.000000,720.000000,692.000000,90.000000
118.000000,131.000000,2.000000,631.000000,433.000000,90.000000
34.000000,82.000000,1.000000,471.000000,302.000000,90.000000
4.000000,125.000000,3.000000,1003.000000,982.000000,90.000000
26.000000,105.000000,4.000000,1233.000000,1174.000000,90.000000
35.000000,123.000000,2.000000,295.000000,153.000000,90.000000
21.000000,48.000000,1.000000,1298.000000,1077.000000,90.000000
21.000000,115.000000,1.000000,1140.000000,880.000000,90.000000
99.000000,108.000000,2.000000,447.000000,310.000000,90.000000
1.000000,34.000000,2.000000,1274.000000,1032.000000,90.000000
94.000000,70.000000,2.000000,820.000000,717.000000,90.000000
74.000000,93.000000,2.000000,1328.000000,1148.000000,90.000000
32.000000,128.000000,2.000000,331.000000,170.000000,90.000000
94.000000,73.000000,1.000000,650.000000,521.000000,90.000000
135.000000,3.000000,2.000000,1091.000000,1061.000000,90.000000
97.000000,28.000000,2.000000,1262.000000,1159.000000,90.000000
59.000000,56.000000,2.000000,638.000000,539.000000,90.000000
80.000000,97.000000,1.000000,913.000000,815.000000,90.000000
134.000000,31.000000,2.000000,832.000000,795.000000,90.000000
103.000000,34.000000,3.000000,795.000000,694.000000,90.000000
30.000000,79.000000,2.000000,835.000000,675.000000,90.000000
4.000000,30.000000,4.000000,732.000000,509.000000,90.000000
87.000000,39.000000,2.000000,1316.000000,1020.000000,90.000000
90.000000,101.000000,1.000000,410.000000,351.000000,90.000000
119.000000,136.000000,3.000000,1034.000000,951.000000,90.000000
78.000000,92.000000,3.000000,905.000000,632.000000,90.000000
110.000000,66.000000,1.000000,790.000000,553.000000,90.000000
62.000000,58.000000,2.000000,1245.000000,1054.000000,90.000000
127.000000,112.000000,2.000000,841.000000,629.000000,90.000000
113.000000,71.000000,1.000000,1182.000000,893.000000,90.000000
34.000000,104.000000,1.000000,645.000000,614.000000,90.000000
2.000000,28.000000,1.000000,1272.000000,1052.000000,90.000000
17.000000,43.000000,1.000000,1119.000000,1100.000000,90.000000
1.000000,24.000000,1.000000,1048.000000,935.000000,90.000000
112.000000,71.000000,2.000000,1249.000000,1008.000000,90.000000
135.000000,0.000000,1.000000,1012.000000,954.000000,90.000000
125.000000,108.000000,2.000000,610.000000,489.000000,90.000000
8.000000,138.000000,3.000000,1160.000000,991.000000,90.000000
103.000000,111.000000,2.000000,751.000000,565.000000,90.000000
57.000000,53.000000,1.000000,754.000000,609.000000,90.000000
98.000000,31.000000,2.000000,865.000000,817.000000,90.000000
116.000000,132.000000,1.000000,522.000000,357.000000,90.000000
28.000000,99.000000,1.000000,1300.000000,1125.000000,90.000000
137.000000,3.000000,2.000000,969.000000,629.000000,90.000000
29.000000,28.000000,1.000000,487.000000,426.000000,90.000000
94.000000,105.000000,1.000000,678.000000,639.000000,90.000000
92.000000,107.000000,3.000000,918.000000,788.000000,90.000000
10.000000,134.000000,1.000000,829.000000,566.000000,90.000000
34.000000,79.000000,1.000000,540.000000,420.000000,90.000000
94.000000,72.000000,2.000000,680.000000,673.000000,90.000000
35.000000,76.000000,1.000000,1316.000000,1076.000000,90.000000
76.000000,99.000000,2.000000,1216.000000,883.000000,90.000000
127.000000,28.000000,3.000000,1265.000000,1115.000000,90.000000
8.000000,119.000000,2.000000,1251.000000,1113.000000,90.000000
102.000000,110.000000,1.000000,639.000000,494.000000,90.000000
24.000000,24.000000,1.000000,854.000000,619.000000,90.000000
64.000000,61.000000,2.000000,315.000000,299.000000,90.000000
22.000000,38.000000,2.000000,440.000000,309.000000,90.000000
88.000000,72.000000,3.000000,424.000000,374.000000,90.000000
107.000000,63.000000,3.000000,617.000000,537.000000,90.000000
33.000000,131.000000,3.000000,364.000000,323.000000,90.000000
123.000000,112.000000,2.000000,1058.000000,780.000000,90.000000
67.000000,55.000000,1.000000,1336.000000,1148.000000,90.000000
39.000000,128.000000,1.000000,1286.000000,984.000000,90.000000
136.000000,0.000000,3.000000,922.000000,863.000000,90.000000
93.000000,36.000000,2.000000,1310.000000,1063.000000,90.000000
7.000000,115.000000,1.000000,588.000000,441.000000,90.000000
21.000000,44.000000,2.000000,1247.000000,1159.000000,90.000000
28.000000,74.000000,2.000000,1294.000000,960.000000,90.000000
86.000000,102.000000,1.000000,1316.000000,1099.000000,90.000000
19.000000,37.000000,2.000000,738.000000,561.000000,90.000000
84.000000,36.000000,1.000000,849.000000,659.000000,90.000000
118.000000,108.000000,1.000000,402.000000,320.000000,90.000000
132.000000,24.000000,1.000000,1028.000000,979.000000,90.000000
6.000000,25.000000,1.000000,903.000000,709.000000,90.000000
28.000000,78.000000,1.000000,894.000000,799.000000,90.000000
2.000000,132.000000,1.000000,879.000000,714.000000,90.000000
22.000000,22.000000,1.000000,901.000000,758.000000,90.000000
88.000000,35.000000,2.000000,1138.000000,922.000000,90.000000
94.000000,104.000000,1.000000,622.000000,513.000000,90.000000
74.000000,96.000000,3.000000,1325.000000,1067.000000,90.000000
0.000000,117.000000,3.000000,953.000000,649.000000,90.000000
99.000000,96.000000,1.000000,1313.000000,1042.000000,90.000000
119.000000,114.000000,2.000000,1225.000000,1164.000000,90.000000
28.000000,107.000000,2.000000,1181.000000,1040.000000,90.000000
133.000000,12.000000,1.000000,641.000000,390.000000,90.000000
35.000000,102.000000,1.000000,503.000000,385.000000,90.000000
36.000000,105.000000,2.000000,598.000000,475.000000,90.000000
84.000000,39.000000,2.000000,729.000000,594.000000,90.000000
34.000000,138.000000,2.000000,690.000000,558.000000,90.000000
136.000000,29.000000,1.000000,1004.000000,809.000000,90.000000
33.000000,133.000000,2.000000,553.000000,317.000000,90.000000
16.000000,39.000000,2.000000,1065.000000,965.000000,90.000000
32.000000,77.000000,2.000000,1261.000000,1184.000000,90.000000
122.000000,131.000000,2.000000,822.000000,610.000000,90.000000
77.000000,100.000000,2.000000,1049.000000,867.000000,90.000000
96.000000,26.000000,1.000000,1199.000000,1039.000000,90.000000
127.000000,29.000000,2.000000,1281.000000,1115.000000,90.000000
91.000000,95.000000,2.000000,330.000000,239.000000,90.000000
42.000000,136.000000,1.000000,1129.000000,881.000000,90.000000
36.000000,132.000000,1.000000,851.000000,770.000000,90.000000
103.000000,106.000000,3.000000,1093.000000,966.000000,90.000000
107.000000,105.000000,1.000000,947.000000,744.000000,90.000000
96.000000,74.000000,1.000000,970.000000,943.000000,90.000000
63.000000,57.000000,1.000000,1337.000000,938.000000,90.000000
122.000000,113.000000,2.000000,1183.000000,839.000000,90.000000
14.000000,131.000000,1.000000,731.000000,475.000000,90.000000
30.000000,31.000000,2.000000,389.000000,337.000000,90.000000
40.000000,132.000000,2.000000,1283.000000,1066.000000,90.000000
99.000000,26.000000,4.000000,1066.000000,985.000000,90.000000
10.000000,118.000000,1.000000,1275.000000,1170.000000,90.000000
102.000000,60.000000,3.000000,564.000000,398.000000,90.000000
120.000000,136.000000,1.000000,1022.000000,780.000000,90.000000
97.000000,29.000000,3.000000,1302.000000,1005.000000,90.000000
19.000000,39.000000,1.000000,668.000000,448.000000,90.000000
27.000000,77.000000,1.000000,1125.000000,944.000000,90.000000
30.000000,24.000000,2.000000,750.000000,531.000000,90.000000
126.000000,112.000000,1.000000,948.000000,704.000000,90.000000
105.000000,110.000000,2.000000,794.000000,706.000000,90.000000
118.000000,114.000000,1.000000,1286.000000,1264.000000,90.000000
135.000000,6.000000,3.000000,1260.000000,1018.000000,90.000000
111.000000,66.000000,2.000000,779.000000,745.000000,90.000000
95.000000,77.000000,1.000000,1131.000000,969.000000,90.000000
139.000000,10.000000,3.000000,638.000000,585.000000,90.000000
61.000000,54.000000,1.000000,1123.000000,988.000000,90.000000
16.000000,38.000000,2.000000,1044.000000,804.000000,90.000000
16.000000,138.000000,1.000000,1265.000000,1209.000000,90.000000
91.000000,78.000000,1.000000,1285.000000,1188.000000,90.000000
91.000000,71.000000,2.000000,582.000000,402.000000,90.000000
0.000000,27.000000,3.000000,1152.000000,1018.000000,90.000000
6.000000,113.000000,2.000000,663.000000,551.000000,90.000000
119.000000,139.000000,2.000000,1153.000000,1017.000000,90.000000
35.000000,99.000000,2.000000,400.000000,302.000000,90.000000
31.000000,112.000000,2.000000,1034.000000,786.000000,90.000000
5.000000,119.000000,2.000000,1001.000000,793.000000,90.000000
3.000000,135.000000,2.000000,908.000000,870.000000,90.000000
30.000000,136.000000,1.000000,642.000000,417.000000,90.000000
20.000000,39.000000,1.000000,541.000000,393.000000,90.000000
131.000000,11.000000,1.000000,546.000000,301.000000,90.000000
28.000000,33.000000,2.000000,1296.000000,1216.000000,90.000000
4.000000,23.000000,1.000000,931.000000,866.000000,90.000000
87.000000,108.000000,2.000000,1158.000000,919.000000,90.000000
21.000000,26.000000,2.000000,1110.000000,916.000000,90.000000
121.000000,134.000000,2.000000,876.000000,743.000000,90.000000
119.000000,130.000000,2.000000,636.000000,609.000000,90.000000
91.000000,108.000000,1.000000,1114.000000,774.000000,90.000000
130.000000,27.000000,3.000000,1153.000000,1040.000000,90.000000
101.000000,107.000000,1.000000,313.000000,261.000000,90.000000
34.000000,108.000000,1.000000,817.000000,812.000000,90.000000
131.000000,31.000000,2.000000,822.000000,619.000000,90.000000
