70.000000,70.000000,1000.000000,2535.000000,0.000000,100.000000
101.000000,0.000000,9.000000,603.000000,363.000000,10.000000
26.000000,50.000000,7.000000,1045.000000,805.000000,10.000000
30.000000,57.000000,20.000000,2535.000000,52.000000,10.000000
29.000000,60.000000,14.000000,2535.000000,52.000000,10.000000
69.000000,116.000000,26.000000,2535.000000,56.000000,10.000000
137.000000,137.000000,27.000000,2535.000000,104.000000,10.000000
103.000000,119.000000,18.000000,1259.000000,1019.000000,10.000000
78.000000,111.000000,22.000000,2488.000000,2248.000000,10.000000
107.000000,25.000000,13.000000,1500.000000,1260.000000,10.000000
17.000000,138.000000,8.000000,2535.000000,96.000000,10.000000
37.000000,138.000000,5.000000,2535.000000,85.000000,10.000000
20.000000,69.000000,13.000000,2535.000000,60.000000,10.000000
121.000000,123.000000,9.000000,2535.000000,83.000000,10.000000
22.000000,104.000000,11.000000,2535.000000,68.000000,10.000000
137.000000,7.000000,40.000000,2535.000000,101.000000,10.000000
50.000000,106.000000,25.000000,1314.000000,1074.000000,10.000000
46.000000,112.000000,10.000000,1451.000000,1211.000000,10.000000
79.000000,72.000000,22.000000,2535.000000,19.000000,10.000000
104.000000,32.000000,18.000000,2535.000000,60.000000,10.000000
8.000000,87.000000,17.000000,990.000000,750.000000,10.000000
109.000000,139.000000,8.000000,2143.000000,1903.000000,10.000000
80.000000,103.000000,15.000000,1107.000000,867.000000,10.000000
78.000000,63.000000,19.000000,2535.000000,20.000000,10.000000
95.000000,135.000000,27.000000,2535.000000,79.000000,10.000000
37.000000,79.000000,5.000000,2535.000000,44.000000,10.000000
64.000000,132.000000,8.000000,2535.000000,72.000000,10.000000
133.000000,130.000000,13.000000,2535.000000,97.000000,10.000000
39.000000,13.000000,20.000000,2535.000000,74.000000,10.000000
120.000000,14.000000,20.000000,2535.000000,85.000000,10.000000
10.000000,86.000000,14.000000,2535.000000,72.000000,10.000000
140.000000,42.000000,13.000000,2535.000000,85.000000,10.000000
121.000000,124.000000,21.000000,2535.000000,84.000000,10.000000
42.000000,29.000000,12.000000,2535.000000,59.000000,10.000000
44.000000,58.000000,30.000000,2535.000000,38.000000,10.000000
32.000000,6.000000,11.000000,2215.000000,1975.000000,10.000000
41.000000,36.000000,13.000000,2535.000000,54.000000,10.000000
106.000000,10.000000,13.000000,2535.000000,79.000000,10.000000
107.000000,102.000000,12.000000,2535.000000,58.000000,10.000000
83.000000,38.000000,22.000000,689.000000,449.000000,10.000000
132.000000,133.000000,24.000000,2535.000000,98.000000,10.000000
81.000000,57.000000,8.000000,2518.000000,2278.000000,10.000000
120.000000,52.000000,20.000000,2535.000000,63.000000,10.000000
113.000000,32.000000,36.000000,2535.000000,67.000000,10.000000
137.000000,101.000000,12.000000,1918.000000,1678.000000,10.000000
82.000000,103.000000,15.000000,2535.000000,45.000000,10.000000
10.000000,111.000000,21.000000,2535.000000,82.000000,10.000000
90.000000,44.000000,6.000000,2535.000000,42.000000,10.000000
139.000000,73.000000,10.000000,2535.000000,79.000000,10.000000
89.000000,24.000000,15.000000,2535.000000,59.000000,10.000000
64.000000,138.000000,15.000000,2535.000000,78.000000,10.000000
98.000000,4.000000,20.000000,2535.000000,81.000000,10.000000
61.000000,34.000000,7.000000,705.000000,465.000000,10.000000
60.000000,84.000000,23.000000,2535.000000,27.000000,10.000000
13.000000,48.000000,15.000000,2535.000000,71.000000,10.000000
84.000000,88.000000,16.000000,2535.000000,32.000000,10.000000
86.000000,40.000000,22.000000,2535.000000,44.000000,10.000000
69.000000,115.000000,20.000000,2535.000000,55.000000,10.000000
59.000000,115.000000,26.000000,2535.000000,56.000000,10.000000
105.000000,2.000000,1.000000,2535.000000,86.000000,10.000000
107.000000,77.000000,34.000000,2535.000000,47.000000,10.000000
104.000000,54.000000,13.000000,2385.000000,2145.000000,10.000000
54.000000,33.000000,20.000000,2494.000000,2254.000000,10.000000
32.000000,52.000000,32.000000,2535.000000,52.000000,10.000000
37.000000,125.000000,10.000000,2535.000000,74.000000,10.000000
99.000000,34.000000,9.000000,2535.000000,56.000000,10.000000
38.000000,122.000000,13.000000,1659.000000,1419.000000,10.000000
85.000000,75.000000,37.000000,2535.000000,25.000000,10.000000
109.000000,131.000000,16.000000,2535.000000,82.000000,10.000000
103.000000,77.000000,17.000000,1433.000000,1193.000000,10.000000
47.000000,83.000000,1.000000,2535.000000,36.000000,10.000000
139.000000,68.000000,25.000000,2535.000000,79.000000,10.000000
88.000000,29.000000,33.000000,2535.000000,54.000000,10.000000
39.000000,100.000000,31.000000,2535.000000,53.000000,10.000000
48.000000,47.000000,19.000000,2504.000000,2264.000000,10.000000
104.000000,73.000000,17.000000,2535.000000,44.000000,10.000000
9.000000,19.000000,10.000000,1104.000000,864.000000,10.000000
103.000000,44.000000,12.000000,2535.000000,52.000000,10.000000
73.000000,96.000000,9.000000,2535.000000,36.000000,10.000000
44.000000,116.000000,27.000000,2535.000000,62.000000,10.000000
71.000000,70.000000,9.000000,2535.000000,11.000000,10.000000
83.000000,12.000000,29.000000,2535.000000,69.000000,10.000000
36.000000,54.000000,15.000000,1107.000000,867.000000,10.000000
16.000000,92.000000,10.000000,2535.000000,68.000000,10.000000
56.000000,139.000000,18.000000,2535.000000,80.000000,10.000000
27.000000,104.000000,1.000000,2535.000000,64.000000,10.000000
67.000000,96.000000,26.000000,627.000000,387.000000,10.000000
34.000000,72.000000,21.000000,2535.000000,46.000000,10.000000
120.000000,22.000000,39.000000,2139.000000,1899.000000,10.000000
54.000000,106.000000,9.000000,2535.000000,49.000000,10.000000
63.000000,129.000000,7.000000,2535.000000,69.000000,10.000000
33.000000,117.000000,20.000000,2535.000000,69.000000,10.000000
102.000000,52.000000,15.000000,2535.000000,46.000000,10.000000
13.000000,129.000000,25.000000,2535.000000,92.000000,10.000000
34.000000,20.000000,15.000000,2535.000000,71.000000,10.000000
114.000000,109.000000,16.000000,2535.000000,68.000000,10.000000
86.000000,80.000000,21.000000,2535.000000,28.000000,10.000000
33.000000,0.000000,20.000000,2535.000000,89.000000,10.000000
18.000000,104.000000,18.000000,1248.000000,1008.000000,10.000000
70.000000,83.000000,23.000000,2535.000000,23.000000,10.000000
12.000000,48.000000,4.000000,2535.000000,72.000000,10.000000
139.000000,72.000000,23.000000,1247.000000,1007.000000,10.000000
109.000000,78.000000,21.000000,2535.000000,49.000000,10.000000
116.000000,22.000000,32.000000,2535.000000,76.000000,10.000000
27.000000,46.000000,35.000000,2535.000000,59.000000,10.000000
19.000000,120.000000,16.000000,2535.000000,81.000000,10.000000
23.000000,39.000000,20.000000,1188.000000,948.000000,10.000000
110.000000,99.000000,21.000000,2535.000000,59.000000,10.000000
15.000000,18.000000,10.000000,2535.000000,85.000000,10.000000
18.000000,70.000000,26.000000,1031.000000,791.000000,10.000000
16.000000,62.000000,15.000000,2535.000000,64.000000,10.000000
61.000000,57.000000,35.000000,2535.000000,25.000000,10.000000
123.000000,84.000000,13.000000,2535.000000,64.000000,10.000000
37.000000,73.000000,33.000000,2535.000000,43.000000,10.000000
115.000000,124.000000,11.000000,2535.000000,80.000000,10.000000
93.000000,61.000000,10.000000,2535.000000,34.000000,10.000000
89.000000,39.000000,23.000000,2535.000000,46.000000,10.000000
65.000000,0.000000,20.000000,2535.000000,80.000000,10.000000
108.000000,30.000000,18.000000,2212.000000,1972.000000,10.000000
120.000000,60.000000,18.000000,2379.000000,2139.000000,10.000000
92.000000,22.000000,18.000000,2535.000000,62.000000,10.000000
2.000000,106.000000,16.000000,1048.000000,808.000000,10.000000
117.000000,92.000000,25.000000,2535.000000,61.000000,10.000000
26.000000,130.000000,20.000000,2535.000000,84.000000,10.000000
85.000000,111.000000,25.000000,1583.000000,1343.000000,10.000000
113.000000,45.000000,4.000000,2535.000000,59.000000,10.000000
40.000000,113.000000,23.000000,2535.000000,62.000000,10.000000
138.000000,105.000000,24.000000,2535.000000,86.000000,10.000000
116.000000,105.000000,23.000000,2535.000000,67.000000,10.000000
110.000000,28.000000,20.000000,2535.000000,68.000000,10.000000
12.000000,138.000000,14.000000,1497.000000,1257.000000,10.000000
66.000000,40.000000,20.000000,2505.000000,2265.000000,10.000000
140.000000,36.000000,1.000000,2535.000000,87.000000,10.000000
50.000000,112.000000,18.000000,2535.000000,56.000000,10.000000
23.000000,19.000000,16.000000,2535.000000,79.000000,10.000000
4.000000,71.000000,19.000000,2535.000000,76.000000,10.000000
92.000000,138.000000,12.000000,2535.000000,81.000000,10.000000
69.000000,6.000000,8.000000,2263.000000,2023.000000,10.000000
100.000000,99.000000,17.000000,2535.000000,51.000000,10.000000
116.000000,13.000000,5.000000,2535.000000,83.000000,10.000000
112.000000,13.000000,27.000000,2535.000000,80.000000,10.000000
49.000000,140.000000,3.000000,1659.000000,1419.000000,10.000000
36.000000,124.000000,34.000000,2535.000000,73.000000,10.000000
120.000000,47.000000,18.000000,2535.000000,65.000000,10.000000
60.000000,54.000000,3.000000,2535.000000,28.000000,10.000000
115.000000,82.000000,30.000000,2535.000000,56.000000,10.000000
139.000000,110.000000,19.000000,2535.000000,89.000000,10.000000
126.000000,23.000000,13.000000,2535.000000,83.000000,10.000000
58.000000,80.000000,18.000000,757.000000,517.000000,10.000000
30.000000,21.000000,12.000000,2535.000000,73.000000,10.000000
64.000000,115.000000,15.000000,2055.000000,1815.000000,10.000000
82.000000,100.000000,18.000000,2535.000000,42.000000,10.000000
113.000000,35.000000,9.000000,2393.000000,2153.000000,10.000000
35.000000,90.000000,20.000000,2535.000000,50.000000,10.000000
58.000000,95.000000,35.000000,2535.000000,37.000000,10.000000
117.000000,4.000000,9.000000,2535.000000,91.000000,10.000000
97.000000,115.000000,25.000000,1122.000000,882.000000,10.000000
56.000000,129.000000,21.000000,2535.000000,70.000000,10.000000
54.000000,41.000000,9.000000,1470.000000,1230.000000,10.000000
136.000000,123.000000,31.000000,2535.000000,94.000000,10.000000
129.000000,24.000000,18.000000,1255.000000,1015.000000,10.000000
46.000000,133.000000,7.000000,2535.000000,77.000000,10.000000
58.000000,11.000000,9.000000,2087.000000,1847.000000,10.000000
54.000000,78.000000,11.000000,2535.000000,27.000000,10.000000
65.000000,80.000000,20.000000,2535.000000,21.000000,10.000000
28.000000,62.000000,23.000000,2535.000000,52.000000,10.000000
55.000000,127.000000,17.000000,2535.000000,68.000000,10.000000
137.000000,84.000000,41.000000,2535.000000,78.000000,10.000000
79.000000,80.000000,4.000000,2535.000000,23.000000,10.000000
51.000000,92.000000,9.000000,2535.000000,39.000000,10.000000
12.000000,84.000000,16.000000,2535.000000,69.000000,10.000000
66.000000,82.000000,27.000000,2535.000000,22.000000,10.000000
97.000000,12.000000,10.000000,2535.000000,73.000000,10.000000
67.000000,120.000000,5.000000,1160.000000,920.000000,10.000000
55.000000,102.000000,4.000000,2535.000000,45.000000,10.000000
90.000000,14.000000,31.000000,2535.000000,69.000000,10.000000
20.000000,106.000000,24.000000,1494.000000,1254.000000,10.000000
15.000000,4.000000,23.000000,2192.000000,1952.000000,10.000000
138.000000,78.000000,43.000000,2535.000000,78.000000,10.000000
60.000000,23.000000,16.000000,2535.000000,58.000000,10.000000
29.000000,94.000000,1.000000,2535.000000,57.000000,10.000000
70.000000,94.000000,32.000000,2535.000000,34.000000,10.000000
4.000000,44.000000,24.000000,2535.000000,80.000000,10.000000
66.000000,91.000000,16.000000,2535.000000,31.000000,10.000000
119.000000,73.000000,15.000000,2127.000000,1887.000000,10.000000
135.000000,65.000000,3.000000,2535.000000,75.000000,10.000000
103.000000,82.000000,27.000000,2535.000000,45.000000,10.000000
104.000000,139.000000,29.000000,1253.000000,1013.000000,10.000000
15.000000,9.000000,2.000000,2535.000000,92.000000,10.000000
5.000000,99.000000,24.000000,2535.000000,81.000000,10.000000
36.000000,38.000000,5.000000,2535.000000,56.000000,10.000000
125.000000,68.000000,20.000000,2535.000000,65.000000,10.000000
44.000000,36.000000,9.000000,2404.000000,2164.000000,10.000000
137.000000,127.000000,28.000000,2535.000000,97.000000,10.000000
120.000000,102.000000,18.000000,2209.000000,1969.000000,10.000000
138.000000,24.000000,12.000000,2535.000000,92.000000,10.000000
103.000000,86.000000,19.000000,2535.000000,46.000000,10.000000
137.000000,96.000000,9.000000,2535.000000,81.000000,10.000000
8.000000,138.000000,10.000000,2535.000000,102.000000,10.000000
81.000000,36.000000,17.000000,2535.000000,45.000000,10.000000
116.000000,83.000000,30.000000,2535.000000,57.000000,10.000000
